101
107
109
113
131
127
137
139
149
163
157
151
179
173
167
193
197
199
211
223
229
239
251
269
263
281
277
271
313
307
311
353
331
359
383
397
367
401
409
431
457
461
439
503
491
499
571
547
557
607
599
631
691
701
647
751
733
719
797
811
853
919
883
887
977
983
991
103
181
191
241
227
233
257
283
293
317
337
347
349
379
373
389
433
419
421
449
467
443
523
509
487
577
563
541
593
643
617
683
659
661
769
761
727
829
821
839
929
937
863
953
997
967
1033
1051
1087
1153
1163
1151
1249
1277
1303
1433
1453
1423
1489
1597
1471
1721
1667
1621
1777
1811
1871
2099
2069
2143
2251
2237
2287
2381
2557
2551
2609
2749
2647
3049
3037
2887
3389
3253
3167
3593
3709
3727
4177
4027
3833
4259
4523
4567
4933
5021
4733
5227
5573
5099
5851
5623
5879
6451
6653
6703
6793
7307
6917
7457
8179
7883
8537
8929
8663
9391
9497
9631
9907
9949
9923
10267
10691
10477
11383
11093
11287
12953
13219
12569
14243
14087
14071
15497
15269
15359
16889
16603
16759
19267
17909
18919
20201
20249
20023
23537
23339
23557
25873
24659
24077
26297
27947
27631
28949
30091
30133
33013
32069
32933
36497
36563
35051
40009
38971
39541
44497
45481
45863
46457
50387
46183
50777
53093
54709
60899
56333
59791
63113
61609
65519
69697
71593
70663
80923
77317
74311
85439
86131
85847
97177
92119
94207
99707
99971
98621
108023
105907
101111
117659
111863
119759
126199
123707
127739
145007
141499
139511
155501
150373
146917
169667
169661
176789
181297
190283
188957
203873
212873
203773
215689
231533
233911
241321
250829
243431
263723
263867
274301
305033
304979
308587
325667
336911
317399
371633
354139
357781
397259
411821
417511
459353
442609
418351
498653
467689
466181
521051
527843
528611
586601
608347
580639
668417
631549
648961
714377
696961
673411
744829
776899
799621
846529
822989
838769
974531
900869
904919
994667
991981
986767
1023977
1011509
1048583
1201841
1117267
1148977
1298989
1239599
1318487
1354193
1436531
1342877
1572643
1495859
1547723
1660871
1754231
1769623
1910147
1840843
1887103
2042357
2131361
2109269
2208097
2149781
2147309
2464019
2421817
2501281
2641993
2755163
2621147
2956123
3058597
3110759
3309961
3260839
3213383
3715889
3692929
3477977
3817249
3995093
3865889
4432217
4248553
4583713
4678049
4735697
4689109
5109161
5461331
5554183
5652289
6046561
6071323
6660109
6602707
6673523
6758977
6955307
7180583
7621583
7683821
7950623
8177921
8226389
8409437
9621791
9651517
9246599
9915467
9913291
9902183
10539007
10864829
10840807
11303449
11504137
11618207
13240537
12505501
13191391
14197489
13661603
14520749
16018241
15479887
14892287
17309393
17375047
17017279
18193753
18123979
18238691
21109313
19933937
20704819
22823417
21686741
22968103
25668193
24278339
23839997
26095691
26149693
26468047
29853737
30644617
28701499
31781587
33840581
33772447
35034089
37120189
37450519
40846969
38237971
38702413
44488733
43452853
45579487
46335673
50145079
46084279
51509257
55024213
53839013
56148073
60436951
57530927
66527771
66087403
66790631
70017041
70882547
71975429
78304283
74499787
78471479
89118781
85870597
84463231
89562541
96453109
91667839
98954081
99885403
99069739
106897369
109079941
105968831
113558299
116814163
111461839
125971049
123968363
121306793
140464307
141659197
144540061
151912547
158855339
147301199
166131857
168415739
172386089
191773961
184534963
192744641
211304089
199158523
212324599
226471313
217406459
230607263
236107741
243710869
246473879
270772729
264848327
281250127
297630829
303681041
305256533
343840681
331296083
333630391
375916579
347029933
365729503
387242969
400666667
386863129
425985067
453359867
431754847
475129217
487994509
466209239
524948449
542099707
523728991
604471913
608762339
600478421
625980371
643715021
664046743
731583107
676531859
729759091
778359781
775552501
792751831
890161607
823847989
840728839
951815899
915878611
940335587
986074417
986279771
986706013
