109702529
109737701
103687079
120741307
115322399
116719459
131184017
132152003
123126233
134812081
143092099
138200567
151068079
151601921
153829607
171550739
163592851
175837679
191790593
185067787
194429197
196468561
212835841
195454289
219003713
216399637
215432869
253591321
236965787
255405037
264227801
276255563
267719533
290071657
304785307
309263767
333821041
314942741
319185623
361906697
360656227
368527927
402238157
389762501
392386999
433226197
433066397
459159959
470847761
473941789
462955301
527421623
507997331
526316671
589063169
577889141
575296583
666733367
645016103
660401479
677563057
694909421
730635071
