109
101
103
113
131
127
137
139
149
163
157
151
179
173
167
193
197
191
211
233
229
223
251
269
263
283
293
271
307
317
311
347
331
359
373
397
389
401
409
421
457
443
479
487
499
491
541
547
557
593
601
617
709
661
677
769
773
719
827
811
823
919
911
887
977
971
967
1051
1097
1091
1201
1109
1151
1217
1307
1213
1409
1373
1423
1553
1531
1471
1741
1619
1709
1873
1787
1861
2083
2053
2087
2243
2357
2213
2371
2467
2389
2833
2659
2791
3121
3041
3119
3203
3253
3391
3499
3571
3607
3929
4153
4099
4363
4507
4373
4861
4943
4999
5209
5099
5557
5683
5851
5981
6337
6577
6703
6947
7229
7127
8081
7829
7703
8467
8527
8783
9697
9677
9391
9923
9941
9967
10501
10039
10159
11833
12073
11321
12601
12281
12647
13577
13381
14197
15193
15497
15923
16493
16573
16823
18679
19259
18223
20719
20341
19991
21881
23201
22543
23977
24379
23957
28409
26171
27901
28657
29453
29021
33049
34211
34031
36979
35291
35999
41641
38707
39667
44729
43051
42101
47797
50263
49807
53617
53147
55399
57641
56437
55639
63029
63493
66733
71699
72461
68749
75209
80077
78583
88937
85517
88117
98009
93377
95383
99859
99713
99907
104383
104179
103183
111091
111959
112831
128399
132637
126751
137593
137633
134873
151049
154727
154183
176369
166259
166871
189353
189019
194071
200273
206939
198971
214883
225749
216787
253769
256579
256967
282913
276557
279607
286249
287387
307903
341587
337867
327839
351257
345473
361463
413089
392647
409327
438523
444803
446447
501817
483907
490519
547529
544651
538487
572137
562651
601807
619657
626611
644617
687443
736187
717527
751217
802583
797729
858241
865177
848747
938611
959333
951911
991973
985493
987821
1013531
1063963
1074907
1208791
1204243
1114159
1271813
1315723
1310789
1361453
1356539
1392277
1600967
1609109
1473551
1745851
1646219
1663813
1824073
1881163
1936981
1960643
2056501
1966871
2234543
2347451
2172239
2521681
2429527
2387111
2651513
2792173
2737183
3075203
3001213
2902831
3315779
3180613
3237551
3641857
3599969
3737989
3842801
4138819
3880241
4316497
4259621
4259833
4665209
4711097
4953023
5259209
5426371
5441861
5956037
5921317
5695831
6403877
6524213
6395839
7143119
6907259
7379807
7975637
7407493
7805519
8213951
8360743
8362583
9496573
9282373
9761761
9863647
9915509
9889423
10276589
10467797
10376503
11105543
11976253
11261071
12768233
12407243
12241477
13997993
14209099
13569203
14839609
14844241
15422567
16555601
16870433
17611051
18524969
18516779
18840629
20793313
19922857
20696911
22839637
22252757
21499837
24804217
23604473
25575799
27393589
27757069
27599599
29956457
30961939
29403007
33162161
34084933
33161551
35689531
36756371
36669013
38622209
38463583
40275343
45551069
41889317
41899877
46099553
50024089
46008121
50689049
53469037
54928039
57895043
59977237
60360959
65616361
65202931
63286057
73435211
72018251
68969317
75207563
74286869
79071383
87117659
82591501
84566903
90767827
91930357
93824767
99941939
98683811
98646349
103489801
105804737
102224677
114874073
116234603
117865717
121949189
125539507
130334821
140131297
144411313
134437423
160893289
153614353
152478539
161417297
174179101
169074253
180979103
182646001
177723199
204183913
209525083
207493829
227902361
217450237
223510751
253388393
254965339
255960781
268978639
276817907
271416503
299130131
302615539
294862391
314934547
335183957
316861949
368016709
365848261
362472599
397208677
394441517
406564541
432386627
453358739
437646877
468583417
483059659
470297351
511855007
507883709
510435223
575449097
603445211
580029991
657746987
612425053
636838583
724291297
689296789
732790319
791835049
793662563
760218929
887576713
891325081
854884813
968545733
909880187
970055453
996040763
991512637
999995663
1022249957
1093274081
1006917677
1162826701
1178546441
1157496061
1298037577
1296777649
1264605283
1368139001
1380171173
1461534719
1477371323
1494729757
1464996887
1759654357
1691439851
1765425059
1898700361
1836823433
1868772289
2134158361
1996648931
1954315711
2244282497
2325517609
2316446519
2522916313
2590464053
2455932151
2645521367
2632112459
2647197703
3098748713
2926600931
2951885723
3312724183
3321883013
3184531751
3479358041
3648711491
3673476767
3934297417
4119055331
3982230799
4437260917
4563901723
4275600757
4627149673
4631548027
4750764479
5269735201
5399767403
5416309127
5615023247
6094750111
5712206999
6443068633
6194426297
6442742039
6855331823
6791214187
6776785199
7416235753
7433443943
7663535959
8914264967
8519428529
8836760167
9694888793
9577572547
9267873877
9855645721
9961940459
9863084141
10139536961
10744872781
10723174829
11280388169
11607923603
12094384717
12893332877
12655159213
12729724543
13954994819
14103287381
13757403949
15554238257
15304920739
15503119661
16842800683
16763216651
16193481173
19242197627
18994811981
17985603463
21042437809
21078373139
20642536069
23498013001
21856092451
22202465429
24006796169
24378235579
25395869099
27801025873
26363686747
25959033733
29978160977
31004735449
30559336751
33071041403
31578132263
33552266599
37255169123
35352638693
36481242067
41308885609
40377516203
41681815039
44391370811
43172330899
45578333917
46412741737
49260422923
47719768541
50816332823
53098350901
55556634839
58808326337
60726538811
56062980383
65628541457
62836278419
64097503583
67796729599
72065127053
72279942239
78366197963
74697217853
80481877607
89175426283
82296520309
89463568867
91676435531
93675545261
89917903303
99811648991
99694964123
99291185447
107
181
199
241
227
239
257
281
277
313
337
349
353
379
383
367
433
419
431
449
461
439
521
523
509
577
571
569
641
607
631
673
659
653
727
739
751
797
821
829
937
907
863
953
997
983
1019
1069
1039
1153
1123
1181
1223
1279
1303
1427
1429
1367
1601
1613
1597
1721
1627
1669
1951
1901
1831
1993
2069
2143
2339
2309
2311
2411
2539
2381
2843
2689
2803
2879
3061
3079
3163
3331
3319
3769
3779
3701
4177
4139
4027
4243
4483
4567
4931
4663
4751
5081
5531
5581
5657
5749
6053
6329
6421
6199
7019
7237
6949
8087
8059
7951
8369
8741
8287
9323
9067
9413
9907
9949
9931
10859
10973
10687
12049
11083
11117
13109
13103
12479
14419
14243
13751
15061
15013
15559
17401
17483
17209
18757
18797
18517
20521
21211
20399
21481
22853
22039
25163
25243
25453
27329
26777
27179
29401
29819
29789
32633
34253
33199
36061
36899
35837
38561
41221
39791
43649
43613
45817
46559
46237
48647
51721
54443
52813
59513
58129
58711
62723
64747
64303
71809
69427
68071
79393
81019
74759
81769
85091
85931
90127
96847
93487
99089
98621
98597
108179
105373
109519
119569
115259
110933
126547
123661
128959
144961
136849
135893
153641
155851
160669
167047
169709
166471
181913
188443
191123
200657
210323
207401
221393
225859
228113
249433
248309
247391
273193
269069
268237
306707
290219
303019
333253
339139
323341
355811
378869
372871
392177
401411
408817
429043
452957
432343
465169
501139
469769
515929
533893
510383
594821
586319
600703
633931
623221
648871
731141
702733
702199
750313
792821
789181
894763
864419
883517
971153
951331
933671
985937
991499
998071
1041137
1033463
1062343
1179757
1207429
1190743
1235369
1288597
1244953
1346123
1388021
1375951
1536641
1608337
1536037
1614187
1696859
1626619
1933823
1826059
1863151
2070953
2021639
2007431
2265751
2161331
2191127
2571713
2410867
2441599
2841793
2754883
2596889
3115397
2949703
3027719
3352183
3296213
3396439
3549697
3675649
3672791
4071533
3919229
3810623
4263683
4271581
4521607
4639633
4713227
4835533
5497043
5142493
5198119
5976577
5696953
6109717
6243313
6179989
6604231
7052107
6973277
6740029
7933201
7884529
8048881
8197921
8716243
8671711
9772201
9328237
9005663
9866561
9960371
9869869
10819321
10283953
10027579
11743553
11716063
11281511
12521797
12773381
13120183
13343321
14512229
13457239
14923177
16096753
15923911
17632913
17558083
16491763
18249563
18662717
18455399
21258437
20957707
21051029
22181989
22507637
21786607
24354193
24880171
23714239
27769081
26505331
26304793
29118281
30747571
30833707
32416259
32256101
33385783
36405841
36388739
35013079
41236681
40712597
38212519
44992229
45457117
43727287
46648543
49437007
47786719
52606513
52468739
52507073
58944539
56631299
60998851
64102609
67197203
63247111
69221393
68091521
71555117
80604527
79879133
80975767
82842691
85552237
85886303
93230801
91095779
97585091
98774089
99279041
99592109
107693129
100664617
109609529
118129877
118225901
114575407
128949833
123442873
129715771
142311137
141203129
134293597
150799499
150232477
156326503
175257497
173570651
162610589
183301117
187753723
182313613
204443303
208427651
210843151
228827881
226817309
217500863
259024807
250370557
249627431
262708753
265023883
267163297
298895027
302880821
299222639
333371659
333659077
329122799
373729403
369874139
375411599
409771169
386575411
397296727
445740521
430749467
424845061
501199427
491003059
495402247
548706241
522262417
539229533
607124197
580597133
573202031
657005857
621939161
633653479
716706233
691602251
679203029
809336923
780557443
754105829
819562771
836299391
836901407
949531007
921452503
969326311
985549843
988896203
992158373
1000460161
1041081827
1030917487
1129581539
1106158973
1179928493
1276554793
1303659041
1313745527
1356398137
1374697157
1358095279
1594536227
1586352253
1584574687
1704477217
1668533021
1628315501
1842874357
1815769381
1848296503
2030779921
1978967899
2003786461
2324824961
2177752721
2143845241
2505329369
2436861419
2532639997
2651736047
2647905133
2649523031
2996348153
3121234531
2918135111
3438482213
3142966597
3321608333
3548116409
3609978971
3559231063
3920439113
4129706461
4040553397
4249597337
4369996307
4188401927
4702558297
4923928277
4884127751
5514895193
5203051157
5549485157
6052711979
5700943709
5829813877
6567498529
6312509267
6455539627
7305425417
7397536411
7078237631
7568651873
7693238759
7433109583
8720181553
8745482797
8812063327
9470423449
9419607389
9342637537
9944517839
9886843661
9937261519
10768061351
10551954139
10642582463
11457951251
11348624249
11814220147
12866347873
12255732337
12626736407
13429313141
14618732669
13380290039
14693594039
15744625909
15739786343
16253393171
16606782551
17378546519
18718688089
17967590189
18568327751
19617786457
20792531849
20149462051
23393011709
22399209691
23562351821
25857463043
24082237429
25008272479
26527487809
25986939443
26353799963
30322377193
30614119397
31254559559
32241559139
31888703269
32799231607
35398123951
37103471863
35683896431
38626403051
38130619493
40868196541
44898471257
42366692281
45629797469
46877704087
49527454909
48513684031
51423255473
54310798469
51459507551
56465904023
56209850269
60901043887
62082786137
64924824911
62850999223
69704298827
67515707291
71593777357
77183707681
75328244527
75318015631
83392567651
83138205229
81736983941
89944316323
97054467221
93844913387
99272986291
99488404643
99191533471
