107
109
103
113
131
127
137
139
149
163
157
151
167
181
173
191
197
199
211
241
229
223
257
251
263
281
277
271
307
317
311
337
331
359
389
397
383
409
433
421
457
443
461
487
499
503
571
563
541
617
643
631
709
691
661
739
773
719
809
811
821
937
907
919
977
971
967
101
179
193
233
227
239
269
283
293
313
353
347
349
379
373
367
401
419
431
449
463
479
521
491
509
577
569
557
587
599
607
673
683
659
733
761
757
787
859
853
881
883
941
983
997
991
1049
1051
1021
1201
1193
1109
1289
1217
1249
1409
1427
1439
1579
1483
1567
1627
1741
1669
1789
1877
1847
2083
2141
2111
2281
2339
2179
2417
2557
2543
2689
2621
2647
2897
2969
3023
3463
3413
3191
3499
3733
3767
4019
3967
3823
4289
4421
4271
4751
5021
4639
5393
5419
5413
5897
5869
5641
6481
6353
6197
7417
7039
6863
7451
7699
7583
8291
8513
8923
9431
9733
9103
9929
9907
9931
10181
10889
10501
11743
11987
11311
12967
12451
12119
14591
14221
13831
14657
14939
14843
17033
16273
17183
18289
18133
19423
19813
19501
21269
21487
22717
21647
25673
24473
25903
26723
27283
27943
30493
29917
28703
33641
33563
31601
35449
35801
35573
39229
39829
40151
45131
42187
41941
47387
47977
49003
52267
52859
53831
59753
56531
58439
63439
65981
62207
70321
72173
70061
74933
79493
76847
83417
81943
85297
93601
92083
97943
99881
98911
98927
104417
105137
109199
112979
119851
116989
124561
128413
127207
140869
141709
143879
155209
151171
156943
161977
175411
161783
189797
179533
191551
200363
201923
197893
233329
218971
230539
258737
241907
257053
273979
285317
279767
304883
286061
306643
321721
331579
334727
355049
355211
378223
398393
397921
394993
440509
447823
432359
501817
464819
500119
513131
555221
550127
601961
572449
556373
660251
643021
666431
693529
698653
727183
789721
757651
752303
819739
824899
864191
927137
930277
970297
992417
995801
996409
1019657
1032709
1018439
1182697
1182043
1196219
1261913
1224479
1252439
1387121
1389209
1396453
1536497
1597259
1511779
1680131
1656631
1648567
1846913
1942979
1775219
1986043
1984547
1952623
2319433
2348707
2282201
2388361
2498893
2413871
2829899
2767189
2709923
2924953
2871853
3066377
3373121
3176177
3190949
3645913
3617323
3480073
3997039
3906109
3815711
4255387
4222061
4253101
4965643
5001643
5028071
5535307
5060333
5121251
5587927
5613347
5704487
6695707
6275083
6471323
7229297
6741421
6856999
7734497
7897387
7749803
8408993
8477089
8706527
9085481
9841099
9680647
9917729
9864139
9864839
10698757
10024493
10901381
11238769
11513797
11618303
12461773
12967237
12882349
13609483
14566693
14330021
15973849
15047899
15731743
16422401
16585411
17350471
19261433
17917117
18431521
19642849
20092819
21195007
23154041
21937471
21489463
25705817
25677427
25761011
26452897
27827179
28266757
30039313
29397341
31304333
31595867
31776907
31600279
36635723
37213069
37609591
41386529
37996909
38475223
45724769
44356667
42369793
47160473
48068819
48215327
52445033
53753807
52821047
56392157
58210709
56648551
66077849
64030429
65423711
67424117
71483603
70481531
77154179
80383271
74761039
82061509
85659001
82505557
95147033
93508379
94860503
99892057
99378541
99678223
105553843
101177227
109320181
112119937
113026723
120926983
125533217
126845093
125197103
139087561
134362531
141105917
150952897
148540331
154270261
164957857
164799017
174455839
189806101
188122373
190481933
199464953
211761331
201288937
218121019
223941827
229137677
256832183
245685527
247820207
272614931
281130133
282694031
290909623
292103507
312926503
343453459
322077653
320932159
379008233
365906539
378668603
387988273
390733709
404330513
455192713
436845419
429004963
463405153
474379511
474434791
505817353
528212051
553926343
593151151
607777189
561743863
660930217
618992653
657773399
726931057
697866283
711507847
801123139
756835559
790202983
844763489
815264123
844609789
964700041
896730661
951680549
998890481
996049877
997541327
1019695427
1058731963
1028082007
1162792987
1109586983
1164597103
1276181201
1233087067
1236948437
1351057739
1435770571
1350278207
1554560201
1564259677
1520027279
1760848799
1632233051
1724752559
1859850953
1911746021
1793320093
2041065113
1956118999
2123417129
2262200393
2282471203
2169072341
2387388947
2465391811
2504203627
2822108459
2852744339
2852216117
3022424417
2995463993
3138015493
3344428433
3329933891
3402959137
3518022749
3703354573
3741398119
4113312211
3830102987
4136095783
4194861581
4304284739
4255212133
4828331513
4635471101
5048719037
5298223363
5087853811
5424962423
5968935697
5994946877
5915205599
6672128681
6585371987
6340597429
6879423769
7182333883
7052450021
7664936911
7942087669
7596002111
8332805123
8414961389
8399021039
9323598313
9571474747
9835021787
9947686841
9954455573
9972220001
10312793009
10613676851
10051935701
11548604401
11713840373
11889475439
12993832199
12746263133
12702590399
13722720199
14091972821
13589750711
14668370033
14998502947
15811919639
16995576809
16283823139
16178516149
17735723167
19480429993
18285369287
20884357093
19865825797
19734484631
21840027329
21618263489
21838931201
23611195219
23770514827
23897785267
27105058177
27420047761
28009094837
29127492791
29735645393
31201809479
34183049819
32949145781
33952903151
36332853329
37217438729
35748005893
39572960363
40652246813
38734591463
44689150217
45426998549
45812566967
49410683353
49951096319
49402697767
51764278529
54751527697
52770850609
59473892161
55689664861
57538758119
66479883289
63953067319
61649749991
72376268123
71140665293
68692930807
75703270001
80801458427
74863898839
84520285657
85072781813
82347404479
97062149497
90997672453
90732728783
99951296537
98853261571
98520145957
107536938083
103339338527
101543609047
115277147633
118605939323
117096994757
123023516897
126682250117
129444294053
133504482757
138478726541
134856864071
151901905289
161047329341
155946423949
176004955921
167242329563
166672942567
178134058033
185023864139
184231725091
197133783037
204511283971
213632975779
227831060011
214845367691
228460643779
252199486537
256140795257
244724000707
270720917737
273992566483
274589337829
290002374133
308658910837
295167777823
319221834341
314701707373
316438190983
351978461839
357258512621
364401932087
401374824857
396494080421
401150188591
448635785753
432279559979
419220487969
497113357861
463374840389
485673483623
520894680041
526679950607
551076364607
580386219769
594841067339
561396132821
665289108851
633814435613
627797148479
686597513191
693467426501
692013086591
749958007969
759695866627
785739071437
854429767531
831094472093
872232854399
928519272451
903794453323
917748141637
999526447961
993565984787
985076359133
1063739518249
1042505371289
1021737180949
1195539455879
1192480469797
1168294609511
1308448904969
1247444121523
1223763828223
1370908736101
1463858137919
1435493818079
