4949905957
7276312261
8005451473
2705242231
5044253519
3753609617
4742266619
6145552471
3402780967
8436627317
7050160837
3618260543
8871058367
8809650583
4542674111
4746361831
4307606291
3947460079
7171690109
7253183159
5703685979
4277728159
9425259881
7948975591
8536441261
2042710519
6278006557
6703927957
5999155391
3110816353
4612200017
4572460609
6059536603
9269408741
2694897773
8644917997
7956436493
1702975537
8923422701
2344367407
4551668993
2179978237
4341273733
2861321747
3207330757
2472191899
3893796923
4628261837
1825513111
2164265231
9192942191
4995485977
6689822501
9396107041
1607666321
4926849937
8875757791
4468325327
5734544741
4111577251
2494563691
9509679019
5467757341
5191816963
3433076093
9672219209
1215733199
5684116993
2256612887
9525878161
6107033021
4575099713
7343544907
5834969953
4940574091
4129062713
4338210893
4825735907
1629384683
1730386003
9449248187
2528199763
3485866271
4557111883
9846884543
1880091977
9218383753
9879658721
7931738021
4146072503
6746207749
7414747243
2215718129
7143293099
3936145259
3702447209
6430653617
3012312887
4725372871
5952911551
