102719400659
107319916073
112483379653
114619328401
114791875057
116102852297
117587464121
118466147441
119145798929
120222578363
120739369043
120861753869
123291791033
129125285903
129594524197
130728900503
133375552097
135919934599
141865050889
147906726467
152136740053
154369355977
155635065083
156185984579
156227553761
160892060221
162815637827
163576448473
168029620553
177625526209
181550055191
182269474157
183256901381
185761821731
186304874293
188024783789
188184935693
188563525763
191737255313
194257052387
195323753423
202704533641
203388486359
209468508503
213111506581
213452669189
218535667657
219409625087
221407776893
224925554489
228318991073
228507643753
228729847433
230732621813
234003061189
237311390143
237489019189
237564158311
238094793763
240646119841
241116594907
241502235253
243575669581
249609601867
250801913339
255786080971
256832297299
258263906573
258936285011
263148343819
265329128839
266085639551
266281531601
272192229809
274135464431
274265275873
277176796669
278415565849
280382917799
282024790441
286560581501
286623113213
288918139241
289352646829
289455007187
291836690479
296354742217
300748465013
303268574281
303549911953
306727907917
312809319041
314054911229
316834718033
318516476717
320607582353
321816846287
327170454931
328244554271
330019178431
330072244193
330928025017
332553114877
333522128627
335223394873
341157408203
342123917881
348924441973
351511293953
361145867447
361790299711
364950956143
367336007321
368102770069
370611623099
372418880569
380940180773
383062608791
383135759821
386892957713
391524339379
393905608037
400506693677
401691144643
401888591801
409195369159
411876685307
413302057141
414935129299
418833373397
420248510807
420410775871
422931031421
423722544551
424638646933
425324476097
433041304901
437419395989
438973165427
449760198079
452066545261
453142200919
454449228173
455662204363
457301608741
457985513203
462366106549
463338107003
464781821953
465155802149
467521750147
469002804089
472688210177
475661489987
476049604183
479072497291
487079513719
491191502453
492869061193
495297284683
495943371481
497776262119
497991884749
501884773939
502241894521
503772548663
506041342267
510345735349
510926659127
511341626891
512832184223
514261934159
518159138701
519912455383
522321014359
524436334729
528966957811
529137065893
532792842763
533206626341
533352918557
538983111239
543774616757
545404237481
545897069033
551010453953
555050047667
564114261181
572138346869
576337361227
578581613293
584338068289
587064821117
589564075327
590076836497
590473321901
603264288773
605029968149
614645060791
615922758851
617000139527
617833377787
620826693611
623317176491
628220151199
632794182953
635732955929
639887621047
642887897027
644920489357
645790205651
646046861357
647463919717
648455878027
648553965419
651921804011
657511588693
658376518021
659036743513
661155281747
667594941443
671666801363
679344017857
684372738773
686287387273
687255491633
690511243801
690715293187
691822271111
693771647837
694292145997
695286128543
696402781369
701284849459
704343087463
705978867749
709443108181
709580716079
712213081469
712383956153
714760336711
720150525739
721181715451
722628955513
722716423967
726677794771
728847862241
730708129561
738593047639
740250325553
741459187201
748408810993
748996404383
753741276551
753868291811
757113775877
757549082599
759705687347
761651363497
769430273699
770494956593
778004828603
782155075181
785332373131
788495381207
790292908903
790956301937
792153090037
792304715519
794914106731
796127536937
796862265137
797850566291
804534864043
804956068699
811037636501
811067533247
818351393683
819231757429
819262443983
819599786393
822025161103
822401541253
822913062509
823024864427
832311130843
837397314913
839594454157
840219658321
841809381421
846084948329
849025138223
849597035579
849856806157
851897105447
853758379129
854957701777
858938574001
862763702039
863323855963
866801785097
868410644509
876387311801
879682923827
880254404479
883184254171
885691012889
886453749703
894363036617
894669328229
895230673697
897771436931
900039959543
907065045233
912254073659
913265093863
915190624213
915661605659
916671997597
920592881339
923690180729
924705501329
926004343907
930506919583
930610716767
934397731507
937515329119
944757744053
948621529241
949348637357
949554092533
951610474889
956752259833
962044786151
967329497377
968423869249
968546251483
974645696977
977628869579
980979416561
981277133047
984814693279
988331247769
990880125601
995828272027
996375125813
998849809583
1059944031121
1084783206539
1085163919579
1089507575857
1094879025073
1096684938367
1161151303517
1167513259487
1186184033563
1202686780829
1205338638311
1240669552183
1253440467131
1254081169889
1269715721557
1290899556929
1311239146967
1333868712277
1347253445773
1357888167133
1359808086953
1432437339737
1441644984347
1467716993159
1595949610781
1630114070639
1632710124547
1671252421243
1708753069981
1739735749781
1745969533271
1766487643633
1766816482537
1803846665077
1873883461277
1886954061011
1937242219513
1948523430319
1997259377851
2000734285687
2055148182433
2071873088693
2091123242459
2135127797449
2146941059113
2161815294901
2193319870783
2204135245189
2211384509669
2232069753509
2296443905051
2310308718791
2330709615473
2367509657413
2373121187543
2391149810173
2443160940541
2481663697129
2495939219359
2505641986957
2526704251627
2530373865683
2538952974787
2683361560141
2706985308899
2708145842209
2717577178163
2834552013977
2887058023211
2896619348333
2899241787731
2956374316993
2975076186031
3018560386351
3023030528503
3025859152013
3027468286387
3029998489387
3040602243787
3051332141743
3062586594367
3065337392569
3116043569701
3194214532741
3203114376587
3213764765177
3259405738331
3268065389429
3287639218783
3308259333157
3314634531353
3324487378493
3351420175517
3426643675471
3442632421513
3487501002407
3554060482327
3612217727429
3701878872787
3713169079187
3718235319221
3731040618973
3811665680759
3836232956183
3880509686297
3911812204061
3975411778249
4023447392441
4024976483303
4042310129933
4076782279909
4085309941771
4087141858181
4093919807701
4143654454417
4145382353767
4146589751327
4225157147279
4331292712391
4398565459907
4402478908733
4459887455539
4464181866379
4498938578993
4549305852151
4549479955907
4574893168289
4614553056059
4650994831687
4662724549837
4672801888369
4726637935031
4834311632881
4862159487641
4904156150483
4936633977991
4937543718617
4959923175227
4986457617347
5029910775143
5081176750217
5084681479981
5087603938379
5096073385423
5119300541413
5159943536327
5161010713097
5252944976327
5256101697139
5256865721461
5294766604871
5313053269621
5362810092457
5395188691939
5416038914513
5493634219963
5519619590461
5546264290201
5605312836583
5673240665843
5703796397569
5762287456903
5768808924763
5779644791387
5790135047089
5800105262971
5931237315869
5964850187839
5987638929863
5989458721529
5999021316653
6023861730737
6047814550573
6052284615283
6056891588939
6081093019759
6131492557741
6151904609629
6177513688187
6194468981279
6241606352951
6244610232919
6248215452379
6274749699811
6282315873479
6343138264171
6386559982289
6479439326527
6509479010501
6530591083231
6537909284527
6561707814841
6597147818687
6626247289553
6647124947899
6651376318229
6706051899301
6715177860473
6722136781219
6771479510947
6787212475231
6802918726493
6842146975823
6874469634281
6879284740091
6884963557453
6954890201177
6977162983513
6985901138621
7039123298687
7065863390413
7067077972267
7079681194213
7100087008153
7101000747007
7125485410739
7133100517993
7153146114047
7154941523671
7210132224367
7233863177441
7272893048417
7300041394043
7304410482211
7420669877807
7440270547207
7447511421347
7456997548747
7516704788161
7521024664453
7530364166989
7653333494617
7660106400851
7661037506519
7691133360419
7711147008233
7730745610747
7784177491777
7838544774257
7877306268857
7896165563899
7936456185631
7937798505797
7981311432727
8028383497529
8067960177163
8206085151493
8291953130051
8336090050579
8348800679743
8350291421053
8369595684803
8428358831129
8436675993481
8449703446937
8465063682833
8473613125259
8482905223399
8488894144799
8500062569417
8506337979239
8537261823427
8547801275861
8677192840691
8727822673513
8728517085151
8742658259897
8758375832807
8791035100369
8834296377163
8836413249641
8837450646611
8845851282803
8960159621639
9012413032781
9071033267579
9097142603429
9115798650899
9226910573191
9237105118403
9241088796139
9244118716139
9254282346781
9278480956697
9289903789423
9332369121263
9338730654949
9368024610151
9379355053559
9379546214111
9398961921407
9431587865279
9499288236817
9500239016861
9502509543101
9514877151587
9556842306863
9567150910157
9572795764237
9611501303213
9638911396379
9695317279243
9713270804681
9713465315207
9716382036601
9804533924737
9807773106779
9820313737331
9846903053543
9865882704059
9884971134809
9924334463413
9933416516417
9964830762443
9979652838733
10042400151683
10164721934923
10497624345449
10614499337297
10795138144309
11347882686697
11564281122839
12233523568433
12378349005677
12633585762269
13101151240759
13174370559947
13214887685971
13305213353197
13430242867673
13553838827327
14305760005027
14632080430169
14889008881871
15033367424701
16282158696623
16780470437657
16803858972917
16938714264379
17403403533539
17615888915761
17831382539647
17986912839367
18064380066823
18898825387111
19975249762583
20134594437499
20191631260121
20629799409169
20630899108139
21171841427383
21401466833993
21627870794461
21843631569091
22400240754337
22652567248331
22884930996869
23600251970909
24227082358397
24785991615607
25003345644253
25072772155157
25330243981351
26159993840341
27131696931793
27549849705757
28164459862597
28367860750193
29016351069757
29030664272893
29069267132903
29147048980111
29369520615691
29894205709769
29962422209429
30034736565013
30578891729437
30885722225447
31386140686931
32181053582593
32847937107347
33130129005749
33139515869723
33569791623217
33662227508333
33820984696739
33841728040711
34051641105731
34455154378399
35176765729519
36492144480647
36574829484727
36924797128133
37159803855599
37323243890599
37382155717003
38419259884321
38430141127723
38543654961289
38911349672359
39022212424831
39357053203549
39512422109269
40062641611043
40538865398579
40730478531023
40747232503297
41071037918719
41173625240131
41230589455171
41673556939739
42153082535777
42805832514127
44417277332303
45183075343381
45529933317689
46141539199181
46271986627319
46711669684997
46947285242579
47151700545517
48096327123671
48373150383589
48437856745979
48517811172361
48583387655437
49597982116091
49633103493877
49664545116701
49675254849487
49918177134733
50159157970813
50232732012523
50531495483449
50781258736277
51328191130883
51756759527611
51847681872307
53609771588497
53981692185191
54317908702969
54550863668737
54750056867533
55248803104799
55521812727203
56015242135271
56085510555917
56373058428101
56480031129917
56780287438837
57103648170889
57234570998173
57487866484859
57609567158417
57623427230923
57660153473207
57816702742781
57968193797551
58291192692571
58491827451713
58902146135579
59408806628723
59623774599901
59930976376147
60413168534681
60472610190211
61013160174103
61675375039843
61849728421237
61972607412269
62536224366211
62627094102029
62853713155217
62891896826263
62912220272597
62933880383041
63972675602903
64016939694349
64409612648389
64656047454949
64669357884893
64679059721953
65339854752451
65399562279533
66606151950869
67165129493461
67515654841993
67848264084463
68144761867183
68405909658431
68874589323233
68996143502513
69183639427613
69465485250727
69496923749467
70430517619981
70487690499077
70625940783649
71774436600661
71852701865573
72617722526729
73110699086507
73262072506019
73746872417437
74485655504969
74598561497821
74799731291729
74844022836967
75079098691873
75196093213273
75358071972959
75699704583457
75884390195927
76294058664829
76522987425637
76537083803459
76548343451113
76604028237941
77106392059787
77111761352149
77604508276091
77655675888797
78273975508961
78719291775409
78724018426429
79970439654821
80458166040929
80486594826353
80685509432351
82793392552049
83441030542393
83512120616201
83874747337789
84004004201153
84047439475771
84101054545303
84164223658313
84295008877801
84423615683437
85014651719957
85241586135623
85426219541407
85925602443839
86004200843269
86020872259549
86175116192563
86261273725009
86684228044441
86692466684029
87616801867499
87846680740051
88843113314453
89800221001181
90202969395887
90348746916149
90490655869573
90598140877903
90784301567521
91976110679797
92366082557387
92470728014179
92555986876261
92757106311761
92778544041203
93206059376741
93583056500917
94228187246573
94303452443209
94339213843793
95555549524441
95690861486401
95855562042787
95960083316413
96401375672813
96426272545763
96740308018309
96976594448443
97187722092127
97341495095093
97420502023753
97915051932091
99534207959161
99948340852643
99968567863627
100178801869469
103827896606033
105489720077579
106753520369467
116233493379877
116715824864999
119861216986633
126335753647627
127365236249479
143258274140287
144202392674297
144907079000039
146340602048951
148726835696267
152886050019047
154906493737069
156415726620107
159403421735731
162571968463711
163063949030399
163825890114437
165583942910983
173982781755583
183475255180471
183734259220361
185491230710839
186946416754429
192550787342119
193113875713849
195740870516953
196696604904343
202837584102011
212708521627963
216752524316687
217681195212601
226393891414507
230748697990781
230843379988813
233004408937367
237148548923311
239014720567177
242018631210217
246155575457641
246432121170523
246880909839233
250493438225651
251244047116691
255874344037513
264961900393577
271802798962883
276923100421039
279254211147059
280062758530043
291634745510639
291742841304043
299835180629209
303533032189883
311243119005881
312131619733301
313975744253539
315841838769547
316166213923831
321616825373821
334907418288809
337646889980111
338829845041313
343640606761819
344868158813303
348873808370467
350178418661251
356007959162521
358849547369231
364512454013633
370289271666551
370790538429439
370907922198383
374217302714903
384111194018491
384749836414451
389230170168199
394103219396893
397824388366681
400882619909309
402018579770711
404873155390183
411182822502307
414587036576539
415492650490219
418041298695199
427458909900037
429481217157961
430084829993839
431685736113067
435033164193821
436417373692163
445950705158729
445983397988803
447205120653959
454521505776757
459156863491057
460648106390287
460827584673571
475434002739317
476715414301127
480547850877079
480841478227541
484808875480649
489277666405109
490980764219761
491691889886089
494971160370499
503984157421939
504614010350981
505034399184109
507448997689561
509874089586877
511842564369727
516043873347983
519970404516587
525936183586237
531415234775077
536044521547739
537900356995909
540438938078497
540869375119769
548613586616257
559619163669701
563858003131861
563881498970333
565086185222711
565705561089061
566916344348281
567465360706367
568454022530447
575901880107773
586390724659469
590923664489149
592329243483559
594981818815141
599770408566347
600761629246907
609665331263117
609756514048729
615374888029441
616424426401757
619195511436641
621114256601381
622492715848621
626767529221879
628043090005993
629539785959849
633265296523507
635621385095611
640527851766947
641143274871013
651955957003961
659850385056029
663579179549519
669611028976759
673135334325569
677908755876241
678224346567107
682381074323461
683579932224559
685285539341083
686391480715169
687539971136737
692095250028541
696734892494237
701269127442761
706014462087071
711695870408143
712281141422281
718105681580941
719943622392061
721019742571391
722521693904861
728954503231709
739234695480871
743853030654017
747243125580827
748534130063927
754580420153167
758796573649729
764186835218519
767018395189297
769065100812739
770539459196809
773094312776431
773533061833621
774815357238617
775688008380353
778346494897607
782066455937969
784088120807671
785282765430337
787988708148043
795923423527361
796723154459633
798277195030621
800389341254053
805463417033851
809095985291497
818648822087783
818881158938621
820506394604609
823687237540103
824626253095199
832072341045221
833714797442141
841635568494671
849832141475519
850118006287639
853937925173951
861353729924497
863197851096547
872275106495113
872433137611729
879829197132113
881240446050337
881991928900129
886563531813863
889678398216521
890185712862983
891470027778263
894036474780109
896189721297967
907799247329413
908828235481981
918323429412811
920239328068169
923488870628287
926223477660749
931595227055377
938753941044529
942012024159211
955882668984473
958017149327647
958977666831889
964188174257699
965353403196913
966754224290479
967190150447821
969166820982869
970138387983691
974529386344601
974976244801693
982727699624213
982749264057389
986012066866997
988329332198501
989392676189033
991808818320163
992661902414887
993964801564109
994499063078629
998021562823387
