49499
72763
57383
85577
80341
50111
42751
81611
52813
49169
72973
34501
21481
62129
59221
66457
66587
17599
78173
80819
36527
53407
54163
39841
59863
70501
35311
38861
13367
26263
52259
79481
46919
10477
31687
16087
21863
47533
67057
30937
77801
64279
57791
77141
63499
61967
11903
25717
82279
54377
31307
93323
22109
87181
30931
53281
58189
13163
54293
93811
38299
59951
49411
20663
48817
99733
19577
69911
22871
11311
91957
31469
13613
72763
66701
80567
47653
58379
37423
60919
59233
65497
38459
57373
76303
83969
11321
31547
67679
96221
60037
37571
91639
11251
39799
44579
45869
66103
20269
59779
