100535801983
136872943439
182593815629
229536501409
243514397089
269695151221
288681995887
336297791321
365006379077
366873157961
408524707169
452120811719
499706117893
555161155529
564628796497
662582960989
668025823141
715355795971
814981410407
851326360897
854052701851
911897345657
960847106567
972149699137
976944601751
1366245151727
1791557529367
1819603067993
2031103685593
2672027074177
2684938226813
2819444616817
3314565808751
4810655603563
4840254754757
4843810152557
4897580775953
4992876884657
4992943790993
5122976296979
5819469093071
6841096468709
7951984038751
8362770692737
8814543004097
9120670140191
9146688934613
9362277838817
9604323232709
10620935565619
11718939911611
18155250963643
21154502334577
25329455588663
27582118174729
30671589228463
33202421736959
49362740764537
52162641751741
54601923467719
61628008753933
61688759220317
62620585747691
68548750525657
71144871775781
74533902859271
76007047075733
78652540616497
83383718588669
84751065654251
85469961076637
85647843166273
87234233556467
89143588433579
91798636758859
92520746791591
95554009455797
197331356100797
215238561037141
234238497503357
260191566596777
275680871739001
286097590203109
308896695647153
327510172249933
386681297530043
410519364731789
500588822678521
621789104186909
706029255049799
748171794839797
760250643635477
796971809214719
819100497100283
840957904899187
851991111195863
871451071390589
962425126339577
967578789577483
993323958492391
