101
103
107
109
113
127
131
137
139
149
151
157
163
167
173
179
181
191
193
197
199
211
223
227
229
233
239
241
251
257
263
269
271
277
281
283
293
307
311
313
317
331
337
347
349
353
359
367
373
379
383
389
397
401
409
419
421
431
433
439
443
449
457
461
463
467
479
487
491
499
503
509
521
523
541
547
557
563
569
571
577
587
593
599
601
607
613
617
619
631
641
643
647
653
659
661
673
677
683
691
701
709
719
727
733
739
743
751
757
761
769
773
787
797
809
811
821
823
827
829
839
853
857
859
863
877
881
883
887
907
911
919
929
937
941
947
953
967
971
977
983
991
997
1009
1013
1019
1021
1031
1033
1039
1049
1051
1061
1063
1069
1087
1091
1093
1097
1103
1109
1117
1123
1129
1151
1153
1163
1171
1181
1187
1193
1201
1213
1217
1223
1229
1231
1237
1249
1259
1277
1279
1283
1289
1291
1297
1301
1303
1307
1319
1321
1327
1361
1367
1373
1381
1399
1409
1423
1427
1429
1433
1439
1447
1451
1453
1459
1471
1481
1483
1487
1489
1493
1499
1511
1523
1531
1543
1549
1553
1559
1567
1571
1579
1583
1597
1601
1607
1609
1613
1619
1621
1627
1637
1657
1663
1667
1669
1693
1697
1699
1709
1721
1723
1733
1741
1747
1753
1759
1777
1783
1787
1789
1801
1811
1823
1831
1847
1861
1867
1871
1873
1877
1879
1889
1901
1907
1913
1931
1933
1949
1951
1973
1979
1987
1993
1997
1999
2003
2011
2017
2027
2029
2039
2053
2063
2069
2081
2083
2087
2089
2099
2111
2113
2129
2131
2137
2141
2143
2153
2161
2179
2203
2207
2213
2221
2237
2239
2243
2251
2267
2269
2273
2281
2287
2293
2297
2309
2311
2333
2339
2341
2347
2351
2357
2371
2377
2381
2383
2389
2393
2399
2411
2417
2423
2437
2441
2447
2459
2467
2473
2477
2503
2521
2531
2539
2543
2549
2551
2557
2579
2591
2593
2609
2617
2621
2633
2647
2657
2659
2663
2671
2677
2683
2687
2689
2693
2699
2707
2711
2713
2719
2729
2731
2741
2749
2753
2767
2777
2789
2791
2797
2801
2803
2819
2833
2837
2843
2851
2857
2861
2879
2887
2897
2903
2909
2917
2927
2939
2953
2957
2963
2969
2971
2999
3001
3011
3019
3023
3037
3041
3049
3061
3067
3079
3083
3089
3109
3119
3121
3137
3163
3167
3169
3181
3187
3191
3203
3209
3217
3221
3229
3251
3253
3257
3259
3271
3299
3301
3307
3313
3319
3323
3329
3331
3343
3347
3359
3361
3371
3373
3389
3391
3407
3413
3433
3449
3457
3461
3463
3467
3469
3491
3499
3511
3517
3527
3529
3533
3539
3541
3547
3557
3559
3571
3581
3583
3593
3607
3613
3617
3623
3631
3637
3643
3659
3671
3673
3677
3691
3697
3701
3709
3719
3727
3733
3739
3761
3767
3769
3779
3793
3797
3803
3821
3823
3833
3847
3851
3853
3863
3877
3881
3889
3907
3911
3917
3919
3923
3929
3931
3943
3947
3967
3989
4001
4003
4007
4013
4019
4021
4027
4049
4051
4057
4073
4079
4091
4093
4099
4111
4127
4129
4133
4139
4153
4157
4159
4177
4201
4211
4217
4219
4229
4231
4241
4243
4253
4259
4261
4271
4273
4283
4289
4297
4327
4337
4339
4349
4357
4363
4373
4391
4397
4409
4421
4423
4441
4447
4451
4457
4463
4481
4483
4493
4507
4513
4517
4519
4523
4547
4549
4561
4567
4583
4591
4597
4603
4621
4637
4639
4643
4649
4651
4657
4663
4673
4679
4691
4703
4721
4723
4729
4733
4751
4759
4783
4787
4789
4793
4799
4801
4813
4817
4831
4861
4871
4877
4889
4903
4909
4919
4931
4933
4937
4943
4951
4957
4967
4969
4973
4987
4993
4999
5003
5009
5011
5021
5023
5039
5051
5059
5077
5081
5087
5099
5101
5107
5113
5119
5147
5153
5167
5171
5179
5189
5197
5209
5227
5231
5233
5237
5261
5273
5279
5281
5297
5303
5309
5323
5333
5347
5351
5381
5387
5393
5399
5407
5413
5417
5419
5431
5437
5441
5443
5449
5471
5477
5479
5483
5501
5503
5507
5519
5521
5527
5531
5557
5563
5569
5573
5581
5591
5623
5639
5641
5647
5651
5653
5657
5659
5669
5683
5689
5693
5701
5711
5717
5737
5741
5743
5749
5779
5783
5791
5801
5807
5813
5821
5827
5839
5843
5849
5851
5857
5861
5867
5869
5879
5881
5897
5903
5923
5927
5939
5953
5981
5987
6007
6011
6029
6037
6043
6047
6053
6067
6073
6079
6089
6091
6101
6113
6121
6131
6133
6143
6151
6163
6173
6197
6199
6203
6211
6217
6221
6229
6247
6257
6263
6269
6271
6277
6287
6299
6301
6311
6317
6323
6329
6337
6343
6353
6359
6361
6367
6373
6379
6389
6397
6421
6427
6449
6451
6469
6473
6481
6491
6521
6529
6547
6551
6553
6563
6569
6571
6577
6581
6599
6607
6619
6637
6653
6659
6661
6673
6679
6689
6691
6701
6703
6709
6719
6733
6737
6761
6763
6779
6781
6791
6793
6803
6823
6827
6829
6833
6841
6857
6863
6869
6871
6883
6899
6907
6911
6917
6947
6949
6959
6961
6967
6971
6977
6983
6991
6997
7001
7013
7019
7027
7039
7043
7057
7069
7079
7103
7109
7121
7127
7129
7151
7159
7177
7187
7193
7207
7211
7213
7219
7229
7237
7243
7247
7253
7283
7297
7307
7309
7321
7331
7333
7349
7351
7369
7393
7411
7417
7433
7451
7457
7459
7477
7481
7487
7489
7499
7507
7517
7523
7529
7537
7541
7547
7549
7559
7561
7573
7577
7583
7589
7591
7603
7607
7621
7639
7643
7649
7669
7673
7681
7687
7691
7699
7703
7717
7723
7727
7741
7753
7757
7759
7789
7793
7817
7823
7829
7841
7853
7867
7873
7877
7879
7883
7901
7907
7919
7927
7933
7937
7949
7951
7963
7993
8009
8011
8017
8039
8053
8059
8069
8081
8087
8089
8093
8101
8111
8117
8123
8147
8161
8167
8171
8179
8191
8209
8219
8221
8231
8233
8237
8243
8263
8269
8273
8287
8291
8293
8297
8311
8317
8329
8353
8363
8369
8377
8387
8389
8419
8423
8429
8431
8443
8447
8461
8467
8501
8513
8521
8527
8537
8539
8543
8563
8573
8581
8597
8599
8609
8623
8627
8629
8641
8647
8663
8669
8677
8681
8689
8693
8699
8707
8713
8719
8731
8737
8741
8747
8753
8761
8779
8783
8803
8807
8819
8821
8831
8837
8839
8849
8861
8863
8867
8887
8893
8923
8929
8933
8941
8951
8963
8969
8971
8999
9001
9007
9011
9013
9029
9041
9043
9049
9059
9067
9091
9103
9109
9127
9133
9137
9151
9157
9161
9173
9181
9187
9199
9203
9209
9221
9227
9239
9241
9257
9277
9281
9283
9293
9311
9319
9323
9337
9341
9343
9349
9371
9377
9391
9397
9403
9413
9419
9421
9431
9433
9437
9439
9461
9463
9467
9473
9479
9491
9497
9511
9521
9533
9539
9547
9551
9587
9601
9613
9619
9623
9629
9631
9643
9649
9661
9677
9679
9689
9697
9719
9721
9733
9739
9743
9749
9767
9769
9781
9787
9791
9803
9811
9817
9829
9833
9839
9851
9857
9859
9871
9883
9887
9901
9907
9923
9929
9931
9941
9949
9967
9973
10037
10061
10067
10069
10091
10099
10111
10139
10141
10159
10163
10177
10211
10223
10243
10247
10253
10267
10271
10273
10289
10301
10331
10333
10337
10343
10357
10369
10399
10427
10429
10433
10453
10459
10463
10477
10499
10501
10513
10529
10531
10559
10589
10601
10631
10639
10651
10667
10687
10691
10711
10723
10739
10771
10781
10799
10853
10859
10867
10889
10891
10909
10937
10939
10957
10973
10979
10987
10993
11003
11027
11047
11057
11059
11069
11093
11113
11117
11119
11149
11161
11171
11177
11197
11239
11243
11251
11257
11261
11273
11287
11299
11311
11317
11321
11351
11369
11393
11399
11411
11423
11443
11467
11471
11483
11491
11497
11503
11519
11527
11549
11551
11587
11593
11597
11621
11633
11657
11677
11681
11689
11699
11701
11717
11719
11777
11779
11801
11807
11813
11821
11831
11833
11839
11887
11897
11903
11923
11927
11933
11939
11941
11953
11969
11971
11981
12011
12037
12041
12043
12071
12073
12097
12107
12113
12119
12157
12161
12163
12203
12211
12227
12239
12251
12253
12263
12269
12277
12289
12347
12373
12391
12409
12413
12421
12437
12451
12473
12503
12517
12527
12577
12583
12589
12601
12611
12613
12641
12647
12653
12689
12697
12713
12721
12739
12743
12757
12763
12799
12809
12821
12829
12841
12893
12899
12907
12911
12919
12923
12953
12959
12967
13001
13007
13009
13049
13099
13103
13127
13151
13163
13177
13183
13187
13219
13229
13241
13249
13259
13267
13291
13297
13327
13337
13367
13381
13397
13399
13421
13441
13457
13463
13469
13477
13487
13499
13513
13537
13553
13567
13591
13597
13619
13627
13633
13649
13669
13679
13681
13687
13691
13693
13709
13711
13721
13723
13729
13751
13757
13759
13763
13789
13799
13807
13829
13831
13841
13873
13877
13883
13901
13903
13907
13913
13931
13967
13999
14009
14011
14029
14033
14051
14071
14087
14107
14149
14159
14173
14177
14197
14281
14293
14321
14323
14369
14389
14407
14411
14419
14423
14437
14447
14449
14461
14479
14489
14503
14519
14543
14549
14557
14561
14563
14591
14593
14621
14627
14629
14653
14657
14669
14699
14713
14717
14737
14741
14753
14759
14767
14771
14783
14797
14813
14821
14831
14843
14851
14867
14869
14879
14887
14891
14897
14929
14939
14951
14957
14983
15031
15053
15061
15077
15083
15107
15121
15139
15149
15161
15187
15199
15217
15227
15233
15241
15259
15263
15269
15271
15277
15299
15307
15313
15329
15331
15349
15359
15373
15391
15401
15427
15461
15467
15473
15493
15511
15527
15559
15569
15601
15619
15629
15641
15643
15647
15649
15661
15667
15679
15727
15737
15739
15749
15761
15767
15787
15803
15859
15877
15887
15901
15913
15923
15937
15959
15973
16001
16007
16033
16057
16063
16067
16069
16073
16087
16091
16103
16111
16127
16139
16183
16189
16217
16229
16249
16253
16267
16319
16339
16349
16361
16363
16369
16381
16417
16421
16427
16433
16447
16451
16453
16477
16481
16487
16493
16529
16547
16553
16561
16567
16573
16603
16607
16619
16633
16649
16651
16657
16673
16693
16703
16729
16741
16747
16759
16763
16811
16823
16829
16831
16843
16871
16879
16883
16889
16901
16903
16927
16931
16943
16963
16979
16981
16987
17029
17041
17047
17053
17077
17099
17107
17117
17137
17167
17189
17207
17231
17239
17257
17291
17317
17327
17333
17341
17359
17377
17383
17387
17393
17401
17417
17419
17431
17443
17449
17467
17471
17477
17483
17489
17491
17497
17519
17573
17579
17597
17599
17609
17657
17659
17681
17683
17707
17729
17737
17747
17749
17761
17783
17789
17791
17807
17827
17837
17839
17851
17881
17909
17911
17921
17929
17939
17957
17959
17977
17981
17989
18043
18047
18059
18077
18089
18097
18119
18121
18127
18133
18143
18149
18169
18181
18199
18211
18251
18253
18257
18269
18287
18301
18307
18311
18313
18329
18341
18353
18367
18371
18401
18413
18433
18439
18457
18493
18503
18517
18523
18539
18553
18583
18587
18593
18617
18637
18679
18691
18701
18713
18719
18731
18743
18749
18757
18773
18797
18803
18839
18911
18917
18919
18947
18959
19001
19013
19031
19037
19051
19069
19073
19081
19087
19139
19157
19163
19181
19183
19207
19211
19213
19219
19231
19249
19259
19267
19273
19289
19301
19319
19333
19373
19381
19387
19403
19417
19421
19423
19427
19429
19433
19447
19457
19463
19469
19471
19483
19489
19501
19531
19541
19543
19553
19571
19577
19597
19603
19661
19687
19697
19709
19717
19739
19753
19759
19763
19777
19793
19813
19819
19841
19843
19853
19861
19867
19889
19891
19927
19937
19949
19961
19963
19973
19979
19993
19997
20011
20021
20023
20047
20051
20089
20101
20107
20113
20123
20129
20143
20161
20177
20183
20219
20233
20261
20269
20287
20297
20323
20327
20333
20347
20353
20357
20359
20369
20389
20399
20411
20431
20441
20443
20477
20483
20507
20509
20521
20533
20543
20549
20551
20563
20599
20611
20639
20641
20663
20681
20693
20707
20717
20731
20743
20749
20759
20771
20773
20789
20807
20809
20849
20873
20879
20887
20899
20903
20929
20947
20959
20981
21001
21011
21013
21017
21023
21031
21061
21107
21121
21139
21143
21149
21169
21187
21191
21193
21211
21221
21227
21277
21323
21347
21377
21379
21391
21401
21407
21419
21433
21467
21481
21487
21491
21503
21517
21521
21559
21563
21577
21599
21601
21611
21613
21649
21661
21673
21683
21701
21713
21727
21737
21739
21751
21757
21767
21773
21799
21803
21817
21821
21839
21851
21859
21871
21881
21929
21937
21943
21961
21977
21997
22003
22013
22027
22031
22039
22063
22067
22079
22093
22109
22111
22147
22153
22157
22159
22171
22247
22259
22271
22273
22279
22303
22343
22349
22367
22391
22409
22447
22469
22481
22483
22501
22531
22541
22543
22549
22571
22573
22613
22621
22637
22639
22651
22669
22699
22727
22739
22751
22769
22777
22783
22787
22807
22811
22817
22859
22871
22877
22901
22907
22921
22937
22961
22963
22973
22993
23003
23011
23021
23029
23053
23057
23059
23063
23081
23131
23143
23159
23167
23173
23189
23201
23203
23209
23227
23251
23269
23291
23293
23297
23321
23327
23333
23339
23371
23399
23417
23459
23473
23497
23509
23531
23537
23539
23549
23557
23561
23563
23567
23593
23603
23609
23627
23629
23633
23669
23687
23689
23743
23767
23789
23801
23813
23819
23827
23831
23833
23857
23873
23887
23893
23909
23957
23977
23981
23993
24001
24007
24019
24023
24029
24049
24077
24097
24103
24107
24113
24121
24179
24197
24203
24223
24229
24239
24247
24251
24281
24317
24337
24371
24373
24413
24419
24421
24439
24443
24469
24473
24481
24499
24509
24517
24533
24547
24593
24611
24623
24631
24671
24683
24691
24697
24709
24733
24749
24763
24767
24781
24793
24809
24821
24841
24847
24859
24877
24889
24917
24919
24953
24967
24971
24977
24979
24989
25013
25031
25033
25037
25057
25073
25087
25097
25117
25127
25147
25163
25171
25189
25219
25229
25243
25247
25301
25307
25321
25339
25357
25373
25391
25409
25439
25447
25453
25457
25469
25471
25523
25537
25561
25579
25589
25601
25609
25633
25639
25643
25657
25667
25673
25693
25733
25741
25747
25759
25793
25799
25801
25819
25841
25849
25867
25913
25919
25931
25933
25939
25943
25951
25981
25999
26003
26017
26021
26029
26041
26099
26107
26111
26113
26119
26141
26161
26171
26177
26189
26203
26209
26227
26237
26249
26251
26267
26293
26297
26317
26321
26339
26347
26357
26387
26393
26399
26407
26417
26423
26437
26449
26459
26489
26497
26501
26513
26539
26561
26573
26597
26641
26647
26669
26681
26683
26687
26693
26699
26701
26713
26723
26729
26731
26737
26759
26777
26783
26801
26821
26833
26839
26849
26863
26879
26881
26891
26893
26921
26947
26951
26953
26959
26981
26987
26993
27011
27017
27031
27077
27091
27103
27107
27109
27143
27179
27191
27197
27253
27259
27271
27277
27283
27299
27329
27337
27397
27407
27409
27427
27431
27437
27449
27457
27481
27487
27509
27541
27583
27611
27617
27631
27647
27653
27691
27701
27733
27739
27749
27763
27767
27773
27779
27791
27793
27799
27803
27809
27817
27823
27827
27851
27917
27919
27943
27947
27961
27967
27983
27997
28001
28019
28027
28031
28051
28057
28069
28081
28097
28099
28109
28151
28163
28183
28201
28211
28219
28229
28277
28289
28307
28309
28319
28349
28351
28403
28409
28439
28447
28463
28477
28493
28499
28517
28537
28541
28547
28549
28571
28573
28579
28591
28597
28603
28607
28619
28621
28649
28657
28661
28663
28669
28697
28723
28729
28751
28753
28759
28771
28789
28807
28813
28843
28859
28867
28871
28879
28901
28909
28921
28927
28933
28949
28961
28979
29009
29023
29027
29059
29063
29123
29129
29131
29137
29153
29167
29179
29191
29201
29207
29209
29221
29231
29243
29251
29269
29287
29297
29327
29339
29347
29383
29387
29401
29411
29423
29437
29443
29453
29483
29501
29531
29537
29567
29573
29581
29599
29629
29641
29663
29683
29723
29741
29759
29837
29851
29863
29917
29927
29947
29959
29983
29989
30011
30013
30059
30071
30089
30091
30097
30103
30109
30113
30119
30133
30137
30139
30169
30181
30187
30197
30203
30211
30223
30253
30259
30271
30293
30307
30313
30319
30323
30341
30347
30403
30427
30449
30467
30469
30491
30509
30517
30529
30539
30553
30559
30593
30631
30649
30661
30671
30677
30697
30707
30713
30727
30757
30763
30781
30803
30817
30829
30839
30841
30851
30871
30881
30911
30931
30937
30941
30949
30971
30977
30983
31013
31033
31039
31051
31063
31081
31091
31121
31123
31139
31147
31153
31159
31177
31181
31183
31189
31193
31219
31231
31247
31249
31253
31259
31267
31271
31277
31319
31327
31337
31357
31379
31387
31469
31489
31511
31513
31517
31541
31543
31547
31567
31573
31601
31627
31643
31687
31721
31723
31729
31741
31751
31769
31771
31793
31799
31817
31847
31849
31859
31883
31891
31907
31963
31973
31981
31991
32009
32027
32029
32051
32057
32059
32069
32077
32089
32099
32117
32119
32141
32143
32159
32173
32183
32189
32203
32213
32237
32251
32261
32297
32299
32303
32309
32321
32323
32327
32341
32353
32359
32369
32371
32377
32381
32413
32423
32441
32443
32467
32479
32497
32503
32507
32531
32533
32537
32561
32563
32579
32587
32611
32633
32647
32687
32693
32713
32717
32719
32749
32771
32779
32789
32797
32801
32803
32831
32833
32843
32869
32887
32909
32911
32917
32933
32969
32971
32983
32999
33013
33029
33037
33053
33071
33073
33083
33091
33107
33113
33119
33149
33151
33161
33179
33181
33191
33199
33203
33211
33223
33247
33301
33311
33317
33329
33343
33347
33353
33359
33377
33391
33427
33457
33469
33479
33487
33521
33529
33533
33547
33563
33569
33581
33587
33599
33617
33619
33623
33629
33637
33641
33647
33679
33703
33713
33739
33751
33757
33767
33791
33797
33809
33827
33851
33857
33863
33893
33911
33931
33937
33941
33967
33997
34019
34031
34033
34039
34057
34061
34123
34127
34129
34157
34159
34171
34183
34211
34213
34217
34231
34259
34261
34267
34273
34297
34301
34303
34313
34319
34327
34351
34367
34421
34469
34471
34487
34499
34501
34519
34543
34549
34589
34591
34603
34631
34651
34667
34673
34679
34703
34721
34739
34747
34757
34759
34763
34781
34807
34847
34849
34877
34883
34913
34939
34949
34961
34963
35027
35051
35053
35059
35081
35083
35089
35099
35107
35117
35129
35149
35159
35267
35279
35281
35291
35311
35323
35327
35393
35407
35437
35447
35461
35507
35509
35521
35531
35533
35537
35543
35591
35593
35597
35603
35617
35671
35677
35731
35747
35753
35759
35797
35801
35809
35831
35837
35839
35851
35863
35879
35897
35911
35923
35933
35951
35969
35977
35983
35993
36007
36013
36017
36037
36061
36067
36073
36083
36109
36137
36151
36161
36187
36229
36251
36263
36269
36277
36293
36313
36319
36341
36343
36373
36383
36389
36433
36451
36457
36467
36473
36493
36523
36527
36529
36559
36571
36583
36587
36599
36607
36629
36643
36653
36671
36691
36697
36709
36721
36739
36761
36779
36781
36787
36791
36793
36809
36821
36833
36847
36857
36899
36901
36919
36931
36943
36979
36997
37003
37013
37021
37039
37049
37061
37087
37097
37123
37139
37159
37171
37189
37201
37217
37223
37243
37253
37273
37307
37313
37337
37339
37357
37363
37369
37379
37409
37423
37441
37447
37493
37501
37507
37517
37537
37547
37561
37567
37573
37579
37589
37633
37643
37649
37663
37691
37693
37699
37717
37781
37783
37811
37831
37847
37853
37861
37871
37879
37907
37957
37963
37967
37987
37991
37993
37997
38011
38047
38119
38149
38167
38177
38183
38201
38219
38231
38237
38273
38281
38287
38303
38317
38321
38327
38329
38333
38351
38393
38431
38447
38453
38459
38461
38543
38557
38561
38567
38569
38593
38603
38609
38639
38651
38653
38671
38677
38693
38699
38707
38711
38737
38747
38749
38767
38783
38791
38803
38821
38833
38851
38867
38903
38917
38921
38923
38933
38953
38959
38977
38993
39019
39023
39041
39089
39097
39103
39113
39119
39133
39139
39157
39161
39163
39181
39191
39209
39217
39227
39229
39233
39239
39241
39251
39293
39301
39313
39317
39323
39343
39359
39367
39371
39383
39409
39451
39461
39503
39509
39511
39521
39541
39563
39569
39581
39619
39631
39659
39667
39671
39679
39703
39719
39727
39733
39779
39791
39799
39821
39841
39847
39857
39863
39869
39883
39887
39901
39937
39983
39989
40013
40037
40039
40063
40093
40099
40111
40123
40127
40129
40151
40153
40163
40169
40177
40189
40193
40231
40237
40241
40253
40277
40283
40289
40343
40357
40361
40387
40423
40427
40459
40483
40487
40493
40499
40507
40519
40529
40531
40543
40559
40577
40583
40591
40597
40609
40627
40639
40693
40697
40699
40709
40771
40787
40813
40819
40823
40829
40841
40847
40849
40853
40867
40879
40883
40897
40903
40927
40933
40939
40949
40961
40973
40993
41017
41047
41051
41057
41077
41081
41113
41117
41131
41143
41149
41161
41179
41189
41201
41203
41213
41221
41227
41231
41233
41257
41263
41269
41281
41299
41333
41341
41357
41381
41387
41389
41411
41413
41443
41453
41467
41491
41513
41519
41521
41539
41549
41579
41593
41597
41611
41621
41641
41647
41651
41659
41669
41687
41729
41737
41759
41761
41801
41809
41849
41863
41879
41887
41893
41897
41903
41941
41947
41953
41957
41969
41983
41999
42013
42017
42023
42043
42061
42071
42073
42101
42139
42157
42169
42181
42221
42239
42257
42281
42293
42307
42323
42337
42349
42359
42373
42379
42391
42397
42403
42409
42433
42443
42457
42461
42463
42467
42473
42491
42499
42509
42557
42571
42577
42589
42611
42643
42667
42677
42689
42697
42701
42703
42709
42727
42737
42743
42751
42767
42773
42787
42821
42829
42841
42853
42859
42863
42899
42923
42937
42953
42961
42967
42979
43003
43013
43037
43049
43051
43063
43067
43103
43117
43133
43159
43189
43201
43237
43261
43271
43283
43291
43331
43391
43397
43403
43427
43441
43457
43481
43487
43499
43517
43541
43543
43577
43579
43597
43607
43609
43613
43627
43633
43669
43691
43711
43717
43721
43753
43759
43777
43781
43783
43787
43789
43793
43801
43853
43889
43913
43933
43943
43961
43973
43987
43991
43997
44017
44041
44053
44087
44101
44111
44119
44123
44131
44159
44171
44207
44263
44267
44269
44273
44279
44281
44293
44351
44357
44371
44381
44389
44417
44449
44453
44491
44501
44507
44519
44531
44533
44537
44543
44549
44563
44579
44617
44623
44633
44641
44647
44657
44683
44687
44699
44729
44753
44771
44773
44777
44809
44819
44839
44851
44867
44887
44893
44917
44927
44939
44953
44959
44963
44971
44983
44987
45007
45013
45053
45061
45077
45083
45121
45127
45137
45139
45179
45191
45197
45233
45259
45289
45293
45307
45319
45329
45337
45341
45343
45361
45377
45389
45403
45413
45433
45439
45481
45491
45497
45523
45533
45541
45553
45557
45569
45589
45599
45613
45641
45659
45667
45673
45691
45697
45707
45751
45757
45763
45779
45821
45823
45833
45841
45863
45943
45949
45959
45971
45979
45989
46021
46027
46049
46051
46061
46073
46093
46099
46133
46141
46147
46171
46181
46183
46199
46219
46237
46261
46271
46273
46301
46307
46309
46349
46351
46381
46399
46411
46441
46447
46457
46489
46499
46523
46549
46559
46567
46573
46589
46601
46619
46633
46639
46643
46649
46663
46679
46687
46691
46703
46723
46727
46747
46751
46757
46769
46771
46817
46819
46831
46853
46861
46867
46889
46901
46919
46933
46993
46997
47041
47051
47057
47059
47087
47093
47111
47123
47129
47137
47143
47149
47221
47237
47251
47269
47287
47297
47303
47317
47353
47363
47381
47389
47407
47417
47419
47441
47459
47513
47527
47533
47569
47581
47591
47599
47623
47629
47639
47659
47681
47699
47701
47713
47717
47737
47743
47777
47791
47797
47809
47819
47837
47843
47869
47881
47903
47911
47933
47939
47947
47951
47963
48023
48029
48049
48073
48079
48109
48119
48121
48131
48157
48163
48179
48187
48193
48221
48247
48259
48271
48281
48299
48311
48313
48341
48353
48371
48383
48397
48409
48413
48437
48449
48473
48479
48487
48523
48527
48533
48541
48563
48571
48619
48623
48673
48677
48679
48731
48733
48751
48757
48761
48767
48781
48787
48809
48817
48823
48857
48859
48869
48871
48883
48889
48907
48947
48991
49003
49009
49031
49033
49037
49057
49069
49081
49103
49109
49121
49123
49139
49169
49177
49193
49199
49207
49223
49253
49277
49279
49307
49331
49333
49339
49363
49369
49393
49411
49417
49433
49451
49459
49463
49477
49481
49499
49523
49537
49547
49549
49603
49633
49639
49663
49667
49669
49681
49697
49739
49741
49747
49757
49783
49787
49789
49801
49807
49811
49823
49843
49853
49871
49877
49921
49937
49939
49943
49957
49993
50021
50023
50047
50051
50077
50087
50093
50101
50111
50119
50123
50131
50147
50159
50177
50207
50227
50231
50261
50263
50287
50291
50311
50321
50329
50359
50363
50377
50387
50417
50441
50461
50497
50503
50527
50539
50551
50587
50599
50627
50671
50683
50723
50741
50753
50767
50821
50833
50849
50857
50867
50873
50891
50909
50923
50951
50957
50971
50989
51001
51043
51061
51071
51131
51133
51137
51157
51169
51197
51199
51217
51239
51241
51263
51329
51341
51347
51349
51361
51383
51413
51421
51427
51437
51439
51449
51461
51473
51479
51481
51487
51511
51517
51521
51539
51563
51577
51593
51599
51607
51631
51637
51673
51679
51683
51691
51713
51719
51721
51767
51769
51797
51803
51817
51827
51829
51839
51859
51869
51871
51893
51899
51907
51913
51941
51973
51977
51991
52009
52021
52027
52067
52069
52081
52103
52127
52153
52181
52183
52189
52201
52237
52249
52253
52267
52289
52291
52313
52361
52363
52369
52379
52391
52453
52457
52489
52511
52529
52541
52543
52553
52561
52567
52571
52579
52583
52631
52673
52691
52711
52721
52727
52733
52747
52757
52783
52807
52817
52861
52883
52889
52901
52903
52919
52937
52951
52957
52963
52973
52981
52999
53003
53047
53051
53069
53077
53087
53089
53101
53117
53129
53147
53149
53171
53189
53197
53201
53231
53267
53279
53281
53299
53309
53353
53359
53377
53381
53401
53407
53411
53419
53437
53441
53453
53503
53527
53549
53551
53569
53591
53597
53609
53611
53617
53629
53639
53653
53657
53681
53693
53699
53717
53731
53759
53777
53791
53819
53849
53861
53881
53887
53897
53899
53917
53923
53927
53951
53987
54013
54049
54059
54091
54101
54121
54133
54151
54163
54181
54193
54251
54269
54277
54287
54293
54311
54319
54323
54331
54347
54367
54401
54409
54413
54421
54437
54443
54449
54499
54503
54517
54521
54541
54547
54559
54563
54577
54583
54601
54617
54623
54629
54647
54667
54673
54709
54713
54721
54727
54751
54799
54829
54833
54851
54869
54881
54907
54917
54919
54959
54973
54983
55001
55009
55021
55049
55051
55061
55073
55079
55103
55109
55117
55147
55207
55213
55217
55219
55229
55243
55249
55259
55291
55313
55331
55333
55337
55343
55351
55373
55381
55399
55411
55439
55441
55457
55469
55487
55501
55511
55529
55541
55547
55603
55609
55619
55621
55631
55633
55661
55667
55673
55681
55691
55697
55717
55721
55733
55763
55793
55799
55807
55813
55817
55819
55823
55837
55843
55849
55871
55889
55897
55901
55903
55927
55931
55933
55949
55987
56003
56009
56039
56053
56081
56087
56093
56099
56123
56131
56149
56167
56207
56209
56263
56267
56299
56311
56333
56377
56383
56401
56417
56431
56437
56443
56453
56467
56473
56477
56489
56501
56503
56509
56531
56543
56569
56591
56599
56629
56663
56681
56687
56701
56711
56713
56731
56737
56747
56783
56807
56809
56827
56843
56873
56893
56897
56909
56911
56921
56923
56929
56941
56951
56963
56983
56989
56993
56999
57037
57041
57047
57059
57089
57107
57119
57139
57149
57163
57191
57193
57203
57221
57223
57241
57251
57259
57283
57287
57301
57329
57347
57349
57367
57389
57397
57427
57457
57467
57487
57493
57503
57527
57529
57557
57559
57587
57593
57637
57641
57649
57653
57679
57689
57697
57709
57713
57719
57727
57737
57751
57773
57787
57791
57803
57809
57829
57839
57847
57853
57881
57901
57923
57943
57947
57977
58013
58031
58043
58049
58057
58067
58073
58099
58109
58111
58147
58151
58153
58169
58171
58189
58193
58199
58207
58217
58229
58237
58243
58271
58309
58363
58369
58391
58393
58403
58411
58427
58451
58453
58477
58481
58537
58543
58549
58567
58573
58579
58601
58603
58613
58631
58657
58661
58693
58699
58727
58733
58741
58763
58771
58789
58831
58897
58907
58909
58921
58937
58967
58979
58991
58997
59009
59011
59021
59051
59069
59077
59083
59093
59123
59159
59183
59207
59209
59221
59233
59239
59243
59263
59281
59333
59351
59357
59369
59407
59417
59419
59441
59447
59453
59467
59471
59497
59509
59513
59539
59557
59561
59581
59611
59617
59621
59629
59659
59663
59669
59671
59693
59699
59723
59729
59743
59747
59753
59771
59779
59791
59809
59833
59879
59887
59921
59951
59957
59971
59981
59999
60013
60017
60029
60041
60077
60083
60089
60091
60107
60127
60139
60149
60161
60223
60257
60259
60271
60289
60293
60337
60343
60383
60397
60413
60443
60493
60497
60509
60521
60539
60589
60601
60607
60617
60623
60637
60649
60659
60661
60679
60703
60719
60727
60733
60737
60763
60779
60811
60821
60869
60887
60889
60901
60913
60917
60919
60943
60953
60961
61001
61007
61027
61031
61051
61057
61091
61121
61129
61141
61153
61211
61223
61231
61261
61283
61291
61339
61343
61357
61363
61379
61381
61403
61409
61441
61463
61469
61471
61483
61487
61507
61519
61553
61559
61561
61603
61609
61613
61631
61637
61643
61651
61657
61667
61673
61681
61717
61723
61751
61813
61819
61843
61871
61909
61927
61933
61949
61961
61981
62003
62011
62039
62047
62053
62057
62071
62081
62129
62131
62137
62141
62143
62189
62201
62207
62213
62219
62233
62273
62299
62303
62311
62323
62327
62347
62351
62383
62401
62417
62459
62473
62477
62483
62497
62501
62533
62539
62549
62563
62581
62617
62633
62639
62653
62659
62683
62687
62701
62723
62743
62753
62761
62791
62801
62851
62861
62869
62897
62903
62921
62927
62929
62939
62969
62981
62983
62987
62989
63031
63067
63073
63079
63103
63149
63179
63197
63199
63211
63277
63299
63317
63331
63337
63347
63367
63377
63391
63409
63421
63439
63443
63463
63487
63493
63533
63541
63559
63577
63587
63589
63599
63601
63611
63617
63629
63647
63649
63659
63667
63671
63689
63691
63697
63703
63709
63719
63727
63737
63743
63761
63781
63793
63809
63823
63839
63841
63853
63857
63863
63907
63913
63929
63977
63997
64013
64019
64033
64037
64067
64081
64091
64151
64153
64157
64171
64187
64189
64223
64231
64237
64271
64283
64301
64319
64333
64381
64399
64433
64439
64451
64453
64499
64513
64553
64567
64579
64591
64601
64609
64627
64663
64667
64679
64709
64717
64763
64781
64811
64817
64849
64853
64871
64877
64879
64891
64919
64921
64927
64951
64997
65011
65029
65033
65053
65063
65071
65089
65099
65123
65129
65141
65167
65171
65179
65203
65213
65239
65267
65269
65287
65293
65371
65381
65413
65423
65437
65447
65449
65497
65519
65521
65539
65543
65551
65563
65579
65581
65599
65609
65617
65629
65633
65647
65651
65677
65687
65713
65717
65719
65729
65731
65761
65777
65831
65843
65867
65921
65927
65929
65951
65957
65963
66029
66037
66041
66071
66083
66103
66107
66109
66137
66161
66169
66179
66221
66239
66301
66343
66359
66373
66377
66383
66403
66431
66449
66463
66467
66509
66523
66529
66533
66541
66553
66569
66571
66629
66643
66653
66683
66701
66713
66733
66739
66751
66763
66791
66797
66809
66821
66841
66851
66863
66877
66889
66919
66923
66931
66959
67003
67021
67033
67049
67057
67073
67079
67103
67121
67139
67141
67153
67157
67169
67213
67247
67261
67271
67273
67289
67307
67349
67391
67399
67409
67411
67421
67429
67447
67477
67481
67489
67493
67499
67511
67523
67537
67547
67559
67579
67601
67607
67619
67631
67651
67679
67709
67723
67733
67741
67751
67759
67763
67777
67783
67789
67801
67807
67819
67843
67853
67883
67891
67901
67931
67933
67939
67943
67957
67961
67979
67987
68023
68041
68087
68161
68171
68207
68209
68213
68219
68239
68261
68281
68351
68399
68437
68443
68447
68449
68489
68491
68501
68507
68521
68539
68567
68581
68611
68639
68659
68669
68683
68687
68699
68711
68713
68729
68743
68767
68771
68777
68791
68813
68819
68821
68879
68897
68899
68903
68909
68927
68947
68963
68993
69001
69011
69019
69029
69073
69109
69119
69143
69149
69163
69193
69197
69247
69257
69259
69317
69337
69341
69371
69379
69383
69401
69403
69431
69439
69457
69463
69467
69481
69491
69497
69499
69539
69557
69593
69623
69653
69661
69691
69697
69737
69739
69767
69809
69821
69829
69833
69847
69857
69859
69911
69929
69931
69959
69991
70001
70003
70009
70019
70039
70051
70079
70099
70111
70121
70123
70139
70141
70157
70163
70177
70181
70183
70199
70201
70207
70223
70229
70241
70249
70271
70289
70297
70309
70313
70321
70351
70373
70379
70381
70423
70429
70439
70451
70457
70459
70481
70489
70501
70507
70529
70537
70549
70571
70573
70583
70589
70621
70627
70639
70687
70709
70717
70753
70783
70823
70841
70843
70867
70879
70891
70901
70913
70919
70921
70937
70949
70951
70957
70981
70991
70997
70999
71011
71023
71039
71059
71069
71081
71089
71119
71129
71143
71147
71153
71161
71167
71171
71191
71209
71233
71237
71249
71263
71293
71317
71327
71333
71339
71347
71353
71359
71389
71399
71411
71413
71419
71429
71437
71443
71453
71483
71527
71549
71551
71563
71569
71597
71633
71647
71693
71699
71707
71711
71719
71789
71821
71837
71843
71849
71861
71867
71881
71909
71933
71987
71993
71999
72031
72047
72053
72073
72089
72091
72103
72109
72139
72161
72167
72173
72211
72221
72223
72227
72251
72253
72269
72271
72287
72307
72313
72337
72353
72367
72379
72421
72431
72461
72467
72469
72481
72503
72533
72547
72551
72559
72577
72613
72617
72643
72647
72649
72661
72671
72679
72689
72707
72719
72727
72733
72739
72763
72797
72817
72823
72859
72869
72871
72889
72901
72923
72931
72937
72949
72953
72959
73009
73013
73037
73043
73061
73091
73121
73127
73133
73141
73181
73189
73237
73243
73277
73291
73309
73327
73331
73351
73361
73363
73379
73387
73417
73421
73433
73477
73523
73547
73553
73571
73583
73589
73597
73607
73609
73613
73651
73673
73679
73681
73693
73699
73709
73721
73727
73751
73771
73847
73849
73859
73897
73907
73943
73951
73961
73973
73999
74021
74027
74047
74051
74071
74077
74093
74101
74131
74143
74149
74159
74161
74167
74189
74197
74203
74209
74231
74257
74279
74287
74293
74297
74311
74317
74323
74357
74363
74377
74383
74413
74419
74441
74449
74471
74489
74507
74509
74521
74531
74551
74561
74567
74573
74609
74611
74623
74653
74699
74707
74713
74717
74719
74729
74747
74761
74771
74779
74797
74821
74827
74831
74857
74869
74873
74887
74891
74897
74903
74923
74929
74933
74941
74959
75013
75017
75029
75037
75041
75079
75133
75149
75161
75167
75169
75217
75227
75239
75253
75269
75289
75307
75323
75329
75347
75353
75377
75389
75391
75401
75407
75431
75437
75511
75521
75553
75557
75571
75577
75583
75611
75619
75629
75641
75653
75683
75703
75707
75709
75721
75731
75767
75773
75787
75793
75797
75821
75853
75869
75883
75913
75931
75937
75941
75979
75983
75991
75997
76001
76003
76039
76079
76081
76091
76099
76103
76123
76157
76159
76207
76213
76231
76259
76261
76283
76303
76333
76343
76367
76369
76379
76403
76421
76423
76441
76471
76481
76507
76519
76537
76541
76579
76597
76607
76649
76651
76667
76673
76697
76717
76733
76753
76757
76777
76781
76819
76837
76871
76883
76919
76943
76961
76963
77003
77023
77041
77093
77153
77171
77191
77201
77213
77237
77239
77249
77261
77267
77279
77291
77347
77351
77369
77377
77383
77417
77419
77447
77471
77477
77479
77489
77491
77509
77513
77521
77527
77551
77557
77563
77587
77621
77641
77647
77659
77681
77687
77699
77719
77723
77743
77747
77761
77773
77783
77797
77801
77839
77863
77929
77933
77951
77969
77977
77983
77999
78007
78017
78031
78041
78059
78121
78137
78157
78173
78191
78193
78203
78229
78233
78241
78277
78283
78301
78311
78317
78341
78347
78367
78401
78427
78437
78487
78509
78511
78517
78539
78541
78553
78569
78577
78593
78607
78623
78643
78653
78691
78713
78721
78779
78781
78787
78791
78797
78803
78809
78839
78853
78877
78887
78893
78901
78919
78979
78989
79031
79043
79063
79111
79133
79139
79147
79151
79153
79159
79181
79229
79241
79259
79273
79279
79283
79301
79319
79349
79357
79367
79393
79399
79427
79433
79451
79531
79549
79561
79579
79589
79601
79609
79613
79621
79627
79631
79633
79657
79687
79691
79697
79699
79757
79769
79777
79801
79811
79823
79829
79847
79861
79867
79873
79889
79901
79907
79943
79967
79973
79987
79997
80039
80077
80107
80141
80147
80153
80173
80191
80207
80209
80221
80231
80239
80251
80263
80279
80317
80329
80341
80347
80369
80387
80407
80429
80447
80449
80473
80489
80513
80527
80599
80611
80621
80627
80629
80657
80669
80681
80687
80701
80713
80737
80749
80761
80777
80779
80783
80789
80803
80809
80819
80831
80849
80897
80909
80911
80923
80929
80953
80989
81001
81013
81017
81019
81031
81041
81043
81047
81049
81071
81077
81097
81131
81163
81173
81181
81197
81203
81223
81233
81281
81283
81293
81331
81343
81349
81353
81371
81373
81409
81421
81463
81509
81517
81527
81547
81551
81553
81559
81563
81569
81611
81619
81637
81647
81649
81667
81671
81677
81703
81707
81727
81737
81749
81769
81773
81799
81817
81847
81853
81869
81883
81899
81901
81919
81931
81937
81943
81953
81967
81971
81973
82003
82009
82013
82021
82037
82051
82067
82073
82129
82141
82171
82183
82193
82217
82223
82231
82237
82261
82279
82301
82387
82393
82421
82463
82471
82483
82487
82493
82499
82529
82549
82561
82567
82571
82591
82601
82609
82613
82619
82633
82651
82699
82721
82729
82763
82799
82813
82837
82847
82883
82889
82891
82903
82913
82939
82963
82981
82997
83009
83059
83071
83077
83089
83093
83101
83117
83137
83177
83207
83219
83221
83227
83231
83233
83243
83257
83269
83273
83299
83339
83341
83357
83399
83401
83417
83423
83431
83459
83471
83497
83537
83557
83561
83597
83609
83617
83621
83639
83641
83653
83663
83689
83701
83717
83719
83773
83777
83813
83833
83857
83891
83911
83921
83969
83983
83987
84011
84017
84047
84053
84061
84127
84131
84137
84143
84179
84181
84191
84199
84211
84221
84223
84299
84313
84317
84319
84347
84349
84377
84389
84391
84401
84407
84421
84431
84443
84449
84457
84463
84467
84481
84499
84503
84509
84521
84523
84533
84551
84559
84589
84629
84631
84649
84659
84673
84691
84701
84719
84737
84761
84809
84871
84913
84919
84947
84967
84979
84991
85009
85021
85049
85061
85081
85087
85091
85093
85103
85109
85133
85159
85193
85199
85201
85213
85237
85247
85259
85297
85303
85313
85331
85333
85361
85363
85381
85411
85427
85439
85447
85451
85453
85469
85487
85513
85517
85523
85531
85549
85571
85597
85607
85621
85627
85643
85661
85667
85669
85703
85717
85733
85751
85781
85819
85889
85903
85909
85931
85999
86011
86017
86029
86069
86077
86117
86131
86161
86171
86197
86209
86239
86257
86263
86269
86291
86293
86297
86323
86341
86351
86353
86357
86381
86389
86399
86413
86423
86441
86453
86461
86477
86501
86531
86533
86561
86573
86627
86689
86711
86719
86743
86753
86767
86771
86783
86813
86843
86851
86857
86869
86927
86939
86951
86959
86969
86981
86993
87011
87013
87037
87041
87071
87083
87103
87119
87121
87133
87149
87151
87179
87221
87223
87251
87253
87257
87281
87299
87313
87317
87323
87359
87403
87407
87421
87427
87433
87443
87473
87491
87509
87511
87523
87539
87541
87553
87583
87587
87589
87613
87623
87629
87641
87643
87649
87671
87683
87691
87697
87701
87719
87721
87739
87743
87767
87797
87803
87869
87877
87881
87887
87917
87931
87943
87959
87961
87973
87977
87991
88001
88003
88007
88019
88037
88069
88093
88169
88237
88241
88259
88261
88289
88301
88321
88339
88379
88397
88423
88427
88463
88469
88499
88513
88547
88589
88609
88643
88651
88657
88661
88663
88667
88681
88721
88741
88747
88771
88799
88801
88811
88813
88817
88819
88843
88853
88867
88873
88903
88919
88937
88969
88993
89003
89021
89041
89057
89069
89071
89087
89107
89113
89119
89137
89203
89209
89231
89261
89269
89273
89303
89329
89363
89371
89387
89399
89413
89417
89431
89443
89449
89459
89477
89501
89527
89533
89567
89591
89603
89611
89657
89659
89669
89671
89759
89783
89809
89821
89833
89867
89891
89897
89899
89909
89923
89939
89959
89963
89977
89983
89989
90001
90011
90017
90019
90023
90053
90059
90067
90073
90089
90107
90121
90127
90149
90163
90173
90187
90191
90197
90199
90203
90247
90263
90271
90281
90289
90313
90353
90359
90371
90373
90379
90401
90439
90469
90473
90481
90499
90527
90529
90533
90547
90617
90619
90631
90641
90677
90679
90697
90703
90709
90731
90749
90787
90803
90821
90823
90833
90841
90863
90887
90901
90907
90911
90917
90947
90971
90977
90989
91009
91019
91079
91081
91097
91099
91121
91129
91139
91141
91183
91193
91229
91237
91243
91249
91253
91283
91291
91297
91303
91309
91331
91367
91369
91397
91411
91423
91453
91457
91463
91499
91513
91529
91541
91571
91573
91577
91583
91621
91631
91639
91673
91691
91703
91711
91733
91757
91771
91801
91811
91823
91841
91867
91873
91909
91921
91939
91951
91967
91969
91997
92009
92033
92041
92051
92077
92083
92107
92111
92143
92153
92173
92177
92179
92219
92221
92227
92237
92243
92251
92297
92347
92353
92357
92363
92369
92381
92383
92387
92399
92401
92413
92431
92467
92479
92489
92503
92551
92557
92567
92569
92581
92593
92627
92639
92647
92657
92681
92693
92699
92707
92717
92737
92753
92761
92767
92779
92789
92791
92801
92821
92831
92849
92857
92867
92927
92941
92957
92959
92987
93001
93047
93053
93059
93077
93103
93113
93131
93151
93169
93187
93199
93229
93241
93253
93257
93263
93281
93283
93287
93307
93323
93329
93337
93371
93377
93383
93419
93427
93463
93481
93487
93491
93493
93503
93523
93529
93553
93557
93559
93563
93581
93601
93607
93629
93701
93703
93739
93761
93763
93827
93851
93871
93887
93889
93893
93901
93911
93913
93923
93937
93941
93949
93967
93971
93979
93983
93997
94007
94049
94057
94063
94079
94111
94117
94121
94151
94153
94169
94201
94219
94261
94273
94291
94307
94321
94331
94343
94351
94379
94397
94421
94427
94433
94439
94447
94463
94477
94513
94529
94531
94541
94543
94547
94559
94597
94603
94613
94621
94649
94651
94687
94693
94709
94723
94747
94777
94781
94789
94819
94823
94837
94841
94847
94889
94903
94907
94933
94949
94951
94961
94993
95003
95009
95021
95027
95063
95071
95087
95089
95093
95107
95111
95131
95143
95153
95177
95213
95219
95231
95233
95239
95257
95261
95273
95279
95287
95311
95317
95327
95339
95369
95383
95393
95401
95413
95429
95441
95461
95467
95471
95527
95531
95539
95549
95561
95603
95621
95629
95707
95713
95717
95723
95731
95773
95783
95791
95801
95813
95819
95857
95869
95873
95881
95891
95923
95929
95957
95959
95987
95989
96013
96053
96059
96079
96097
96137
96149
96157
96167
96181
96199
96211
96221
96233
96259
96263
96289
96293
96329
96331
96337
96353
96377
96401
96419
96431
96451
96461
96469
96479
96493
96517
96527
96553
96557
96581
96587
96589
96601
96643
96671
96697
96703
96739
96749
96763
96769
96787
96797
96851
96857
96893
96911
96931
96959
96973
96979
96989
96997
97003
97007
97021
97039
97073
97081
97103
97117
97169
97177
97213
97231
97241
97259
97283
97303
97367
97369
97379
97387
97397
97453
97459
97463
97499
97501
97511
97523
97547
97549
97553
97561
97571
97583
97607
97613
97649
97651
97673
97687
97711
97729
97771
97777
97787
97789
97813
97841
97843
97847
97849
97859
97861
97883
97943
97961
97967
97973
97987
98011
98017
98041
98047
98101
98123
98129
98179
98207
98213
98221
98257
98297
98299
98317
98321
98323
98347
98369
98377
98389
98407
98411
98419
98429
98443
98453
98467
98473
98479
98507
98533
98543
98561
98563
98573
98597
98621
98639
98663
98669
98689
98711
98713
98729
98737
98773
98779
98801
98809
98887
98897
98899
98909
98911
98929
98939
98963
98981
98993
98999
99013
99017
99023
99053
99079
99103
99109
99119
99131
99149
99173
99181
99191
99223
99233
99257
99259
99277
99289
99317
99347
99349
99367
99371
99377
99391
99397
99401
99439
99469
99487
99497
99529
99551
99559
99563
99571
99577
99581
99623
99643
99661
99667
99679
99689
99707
99709
99721
99733
99761
99767
99787
99793
99809
99817
99829
99839
99859
99871
99881
99901
99907
99923
99929
99961
99991
100019
100103
100193
100403
100459
100613
100769
100931
100987
101089
101159
101173
101279
101323
101363
101377
101599
101723
101741
101807
102259
102409
102461
102533
102607
102643
102667
103007
103043
103079
103451
103583
103657
103669
103699
104087
104239
104479
104597
104869
104917
104953
105211
105227
105229
105239
105331
105337
105367
105397
105449
105491
105871
105913
105943
106187
106291
106363
106411
106961
107119
107201
107671
107699
107741
107761
107827
107951
107971
107981
107999
108007
108131
108347
108379
108457
108533
108709
108793
108943
109211
109537
109589
109661
109663
109859
109883
110051
110083
110281
110311
110459
110533
110567
110681
110771
111031
111049
111187
111317
111491
111623
111767
111781
111827
111847
111857
111869
111919
111949
112019
112339
112397
112601
112663
112901
113021
113027
113111
113117
113153
113161
113177
113371
113437
113647
113761
113909
113989
114001
114067
114089
114143
114217
114641
114661
114691
114713
114757
114761
114859
114901
114913
115123
115163
115301
115663
115741
115771
115783
115807
115811
115823
115853
115859
115879
115891
116089
116141
116273
116387
116437
116461
116491
116593
116731
116791
116819
116881
116969
117041
117193
117353
117427
117503
117539
117541
117571
117751
117779
117797
117809
117883
117911
118033
118423
118589
118661
118709
118739
118747
118873
119131
119549
119677
119689
119827
119953
120067
120157
120167
120193
120209
120401
120641
120737
120779
121001
121013
121189
121327
121357
121439
121553
121637
121661
121697
121789
122021
122041
122099
122209
122279
122443
122489
122527
122599
122827
123169
123191
123269
123307
123377
123427
123439
123449
123479
123787
123997
124097
124363
124433
124489
124771
124799
124819
124909
124981
125017
125063
125329
125387
125399
125423
125527
125693
125821
125899
126031
126421
126481
126827
126967
127241
127529
127607
127913
127921
128021
128033
128047
128153
128213
128347
128483
128591
128599
128677
128683
128761
128941
129089
129221
129277
129313
129361
129401
129403
129629
129887
129953
130087
130121
130223
130411
130447
130517
130579
130783
131011
131041
131101
131149
131171
131267
131293
131441
131479
131561
131707
131731
131839
131861
131969
132233
132247
132283
132331
132439
132541
132611
132833
132859
132863
132911
132971
133013
133097
133169
133241
133327
133349
133417
133447
133649
133669
133813
134033
134077
134081
134341
134353
134371
134401
134471
134489
134507
135059
135221
135271
135353
135367
135427
135511
135559
135571
135721
135851
135929
136393
136399
136483
136537
136813
136859
137153
137177
137191
137197
137239
137359
137369
137413
137437
137633
137659
137707
137849
137999
138071
138247
138389
138497
138511
138683
138731
138793
138883
139079
139201
139267
139339
139457
139589
139609
139681
139831
140221
140227
140237
140339
140449
140593
140603
140629
140759
140939
141107
141199
141221
141233
141263
141311
141529
141587
141613
141619
141637
141679
141793
141991
142007
142031
142039
142049
142123
142169
142183
142357
142369
142469
142543
142573
142591
142733
142759
142867
142903
142907
143107
143111
143281
143419
143699
143797
143909
144163
144167
144341
144349
144439
144539
144671
144757
144763
144773
144839
145009
145133
145253
145303
145391
145423
145451
145471
145517
145543
145661
145829
145933
146011
146059
146077
146099
146297
146323
146423
146609
146617
146669
146719
146749
146767
146921
147151
147163
147451
147487
147709
148301
148439
148457
148549
148627
148633
148669
148691
148721
148817
148861
149021
149027
149059
149183
149333
149371
149399
149459
149491
149521
149561
149629
149867
150061
150209
150211
150497
150533
150707
150889
151007
151051
151141
151163
151303
151429
151499
151523
151643
151651
151693
151733
151783
152267
152381
152407
152461
152533
152563
152599
152729
152753
152899
153067
153071
153133
153137
153247
153407
153623
153733
153743
153757
154001
154061
154079
154157
154229
154277
154351
154369
154409
154571
154799
154873
155027
155047
155083
155171
155269
155371
155423
155689
155851
155921
156019
156059
156061
156119
156139
156623
156641
156677
157133
157247
157259
157271
157273
157523
157543
157639
157679
157841
157877
157901
157931
157991
158129
158141
158233
158351
158357
158393
158663
158849
158863
159023
159193
159319
159463
159773
159931
160159
160231
160243
160357
160627
160663
160753
160877
160933
160967
161267
161309
161387
161527
161543
161731
161807
161911
161969
162011
162079
162277
162703
162829
162881
162997
163027
163363
163409
163543
163601
163661
163847
163853
163861
163927
164291
164321
164363
164431
164471
164581
164653
164683
164767
164789
165103
165203
165331
165349
165457
165469
165479
165589
165703
165799
165811
166183
166259
166273
166319
166487
166597
166781
167537
167593
167611
167641
167729
167747
167873
168533
168713
169049
169067
169159
169217
169249
169343
169427
169501
169523
169957
170123
170293
170341
170351
170369
170413
170483
170503
170509
170669
170759
170761
170899
170921
170927
171103
171251
171401
171469
171673
171803
171869
171929
171947
172027
172079
172093
172153
172199
172243
172331
172427
172673
172681
172787
172883
172981
173021
173059
173647
174047
174067
174079
174121
174329
174431
174583
174599
174749
175229
175303
175433
175463
175649
175963
176021
176053
176123
176129
176207
176221
176261
176321
176413
176467
176503
176507
176597
176629
176651
176713
176791
176849
177007
177013
177173
177217
177257
177283
177323
177337
177427
177433
177493
177743
177811
177883
177929
178069
178141
178183
178559
178931
178939
179281
179579
179623
179689
179833
179981
180007
180181
180331
180379
180623
180667
180701
180751
180793
181019
181031
181387
181399
181409
181777
181913
182089
182129
182279
182467
182519
182549
182627
182657
182681
182921
183067
183151
183283
183299
183317
183377
183691
184013
184117
184133
184231
184273
184523
184571
184687
184727
184913
185057
185069
185077
185401
185621
185681
185693
185699
185707
185797
185897
186397
186629
186841
186877
187067
187073
187091
187111
187127
187177
187237
187361
187433
187573
187669
187687
187711
187787
187921
188311
188323
188417
188519
188603
188677
188693
188827
188891
188911
189043
189067
189139
189199
189253
189389
189437
189473
189851
190159
190243
190271
190613
190807
190837
191057
191119
191189
191227
191249
191299
191531
191669
191671
191717
191747
191903
192029
192037
192053
192149
192193
192229
192233
192341
192383
192737
192991
193051
193073
193147
193183
193393
193573
193663
193793
193799
193859
193891
193957
194149
194197
194267
194323
194521
194839
194861
194867
195127
195137
195163
195281
195319
195341
195359
195751
195817
195883
195913
195929
195967
195971
195997
196051
196087
196171
196387
196643
196871
196993
197089
197123
197203
197293
197341
197369
197419
197423
197441
197597
197647
197689
197711
197773
197807
197837
197891
198073
198097
198197
198413
198479
198491
198533
198761
199247
199447
199487
199499
199601
199697
199741
199831
199853
200003
200483
200579
200597
200671
200723
200927
200987
200989
201011
201073
201101
201119
201121
201151
201287
201389
201451
201493
201499
201557
201623
201701
201797
201947
202343
202519
202577
202613
202693
202751
202879
202967
203173
203213
203233
203249
203431
203627
203641
203807
203809
204013
204101
204107
204439
204517
204599
204667
204793
204871
205253
205319
205327
205357
205397
205441
205507
205883
206009
206081
206183
206197
206249
206399
206477
206551
206803
206819
206993
207037
207169
207187
207293
207301
207371
207491
207653
207719
207769
207799
207847
207967
208001
208067
208099
208223
208333
208337
208387
208501
208699
208721
208843
209201
209203
209269
209333
209549
209563
209647
209719
209767
209861
209917
210131
210229
210659
210713
210719
210739
210809
210911
211063
211093
211193
211657
211691
211727
211789
211811
211859
211927
211943
212167
212651
212851
212903
213019
213173
213727
214003
214069
214087
214499
214519
214541
214631
214639
214691
214763
214789
214883
214891
215249
215483
215587
215653
215687
215689
215833
216091
216103
216127
216149
216263
216289
216379
216401
216523
216551
216607
216841
217027
217081
217199
217229
217313
217561
217573
217691
217859
217933
217937
218003
218107
218213
218249
218461
218611
218657
218717
218719
218797
218809
218849
218873
218969
219133
219293
219619
219677
219721
219787
219797
219799
219829
219937
219959
219979
220009
220141
220151
220169
220333
220369
220403
220537
220543
220667
220673
220721
220901
220907
221059
221233
221399
221539
221603
221657
221659
221713
221827
221873
221941
221953
221999
222127
222199
222317
222347
222349
222437
222659
222883
223063
223313
223711
223831
223841
223999
224041
224069
224113
224129
224149
224209
224239
224251
224327
224429
224491
224501
224591
224669
224891
224897
225067
225109
225263
225523
225613
225619
225637
225821
225941
226007
226313
226697
226813
226901
226903
227131
227407
227473
227497
227569
227627
227729
228013
228061
228113
228131
228199
228251
228301
228341
228383
228443
228581
228829
228853
228869
228913
228959
228961
229157
229213
229321
229343
229393
229403
229409
229433
229499
229547
229549
229591
229601
229627
229759
229849
230089
230189
230203
230221
230239
230281
230327
230393
230431
230719
230779
230891
230939
231041
231067
231277
231317
231463
231529
231551
231563
231599
231613
231643
231701
231827
231859
231919
231943
232103
232153
232187
232217
232333
232357
232409
232523
232751
233159
233407
233437
233879
233881
233939
234089
234139
234161
234383
234467
234499
234587
234673
234947
234989
235211
235337
235661
235751
236069
236323
236339
236707
236729
236771
236779
237067
237073
237137
237151
237179
237379
237563
237701
237733
237737
237791
237877
237883
237967
237997
238081
238157
238307
238313
238471
238499
238519
238627
238673
238703
238709
238747
238949
238991
239201
239233
239287
239357
239387
239389
239527
239713
239893
239963
240059
240113
240259
240319
240353
240433
240571
240893
240997
241051
241079
241093
241463
241517
241543
241561
241639
241711
241907
241931
241979
241981
241993
242129
242171
242173
242677
242819
242923
242989
243149
243233
243487
243553
243583
243781
243851
243911
243953
244033
244091
244243
244493
244547
244619
244667
244753
244787
244813
244859
244997
245029
245071
245177
245261
245269
245473
245519
245521
245621
245683
245711
245783
245989
246133
246247
246251
246343
246439
246473
246511
246611
246613
246683
246689
246787
246919
246941
247087
247651
247853
247939
248041
248177
248291
248293
248389
248473
248587
248707
248719
248783
248797
248813
248821
248869
249143
249181
249311
249367
249377
249497
249517
249541
249797
249911
249943
250741
250753
250793
250829
250853
250889
250979
251159
251219
251467
251527
251879
252037
252079
252223
252293
252359
252401
252727
252779
252829
253003
253103
253349
253601
253763
253901
253909
253969
254213
254491
254537
254747
254887
255209
255239
255467
255551
255589
255679
255743
255851
256093
256169
256219
256279
256301
256307
256577
256639
256687
256699
256799
257003
257099
257107
257273
257297
257473
257687
257713
257981
258157
258241
258389
258403
258407
258469
258623
258659
258733
258887
259019
259183
259271
259381
259823
259949
260111
260213
260387
260417
260527
260647
260671
260713
260761
261011
261577
262027
262151
262231
262351
262433
262489
262519
262621
262783
262807
262901
262937
263101
263167
263191
263213
263257
263293
263399
263437
263443
263491
263537
263591
263761
263863
263869
263983
264127
264137
264289
264527
264581
264757
264769
264787
264839
264899
264949
265333
265337
265619
265703
265709
265739
265847
265873
265957
266003
266029
266053
266153
266159
266239
266491
266927
266971
267217
267259
267317
267497
267511
267601
267611
267649
267667
268003
268123
268133
268297
268531
268721
268733
268759
268811
268819
268921
268993
269219
269257
269333
269383
269389
269473
269519
269749
269761
269887
269981
270121
270229
270307
270323
270343
270407
270577
270719
270791
270923
270931
271163
271177
271181
271211
271253
271463
271501
271597
271703
271841
271903
271967
272029
272059
272231
272317
272341
272381
272477
272537
272717
272761
272807
272887
273047
273157
273253
273433
273527
273551
273827
273857
273899
273913
274243
274259
274349
274403
274441
274609
274829
274843
274951
274961
275087
275183
275423
275711
275741
275897
275963
276037
276041
276079
276181
276209
276359
276527
276553
276587
276721
276763
276781
276917
277003
277177
277597
277637
277741
277859
278029
278051
278149
278437
278479
278501
278617
278623
278687
278807
278881
279137
279173
279187
279311
279481
279551
279571
279649
279919
279941
279991
280061
280121
280139
280199
280339
280537
280607
280613
280627
280673
280703
280729
280759
280927
280997
281191
281249
281317
281363
281509
281539
281623
281663
281797
281849
281867
281947
281989
282011
282053
282157
282377
282703
282707
282773
282797
282907
283007
283079
283117
283181
283207
283411
283511
283573
283771
283799
284059
284111
284201
284269
284413
284477
284737
284917
285031
285113
285161
285281
285611
285641
285667
285731
285757
286369
286513
286541
286589
286609
286687
286813
286981
287117
287167
287257
287279
287297
287327
287783
287921
287933
287939
288049
288137
288257
288349
288461
288689
288751
288877
289031
289049
289169
289189
289241
289297
289381
289453
289469
289543
289573
289657
289733
289837
289937
289987
290041
290057
290141
290399
290419
290497
290621
290659
290663
290869
290897
290963
291107
291257
291419
291503
291521
291569
291689
291701
291983
292057
292069
292091
292441
292489
292493
293179
293207
293441
293803
294023
294179
294181
294241
294337
294391
294703
294997
295699
295819
295847
295853
295879
295943
296477
296503
296509
296687
296713
296731
296797
296833
296921
296971
297151
297233
297397
297457
297509
297581
297613
297833
297881
297953
297989
298211
298283
298307
298369
298583
298759
298801
299029
299099
299197
299213
299287
299359
299603
299743
300109
300119
300137
300191
300193
300233
300299
300427
300511
300593
300623
300691
300851
300857
300997
301013
301183
301241
301319
301349
301447
301579
301601
301789
301843
302329
302411
302459
302567
302857
302977
303073
303271
303293
303367
303409
303497
303613
304067
304081
304211
304253
304301
304357
304559
304561
304643
304789
304813
304883
304979
305119
305231
305407
305413
305449
305477
305489
305663
305741
305771
305783
305927
306023
306133
306253
306359
306727
306919
306953
307009
307033
307091
307253
307423
307511
307577
307589
307609
307633
307693
307759
307871
308027
308149
308249
308411
308491
308519
308641
308713
308849
309173
309193
309289
309311
309371
309391
309437
309457
309479
309781
309797
309823
309977
309989
310021
310027
310129
310243
310439
310987
311021
311099
311291
311371
311537
311687
311821
312089
312101
312121
312229
312313
312353
312371
312469
312563
312601
312623
312743
312779
312863
312899
313241
313267
313307
313381
313399
313567
313699
313739
313883
314161
314227
314401
314527
314591
314711
314807
314927
314957
315199
315361
315449
315517
315697
315907
315967
316003
316033
316051
316109
316429
316469
316753
316759
316783
316801
316957
317171
317279
317437
317587
317591
317621
317731
317743
317777
317983
318001
318077
318181
318233
318287
318323
318557
318979
319027
319211
319289
319343
319351
319489
319591
319681
319687
319901
319937
319973
319993
320083
320179
320269
320273
320389
320401
320561
320839
320851
320939
320941
320953
321007
321397
321647
321661
321757
321833
321889
322111
322139
322171
322237
322349
322537
322583
322631
322921
323087
323123
323131
323333
323339
323471
323581
323591
323789
324199
324217
324397
324469
324529
324773
324949
325163
325319
325541
325571
325777
325849
325861
325921
326149
326159
326497
326581
326609
326617
326737
326741
326831
326903
327133
327211
327263
327289
327553
327559
327571
327661
327757
327779
327809
327829
327917
328043
328051
328171
328327
328397
328429
328543
328829
328981
329333
329597
329663
329687
329899
329941
330037
330067
330139
330217
330271
330749
330839
331339
331537
331691
331937
331943
331973
332191
332467
332749
332803
332887
333269
333287
333323
333493
333563
333589
333871
333959
334183
334189
334297
334319
334349
334427
334549
334561
334603
334727
334843
335047
335131
335161
335383
335693
335729
335743
335807
335843
335879
336041
336121
336143
336361
336503
336563
336593
336653
336683
336727
336899
336901
337013
337081
337369
337411
337543
337609
337633
337721
337751
337817
337873
337903
337973
338237
338297
338339
338347
338431
338531
338867
339023
339091
339103
339107
339239
339413
339839
339887
339991
340183
340201
340267
340429
340481
340573
340687
341311
341491
341681
341813
342047
342059
342073
342131
342371
342373
342449
342497
342599
342833
343381
343933
344117
344153
344173
344189
344249
344257
344327
344587
344671
344681
344753
344843
344863
344969
345263
345679
345731
346039
346111
346331
346337
346361
346373
346391
346429
346441
346543
346607
346627
346649
346763
346793
346877
346933
346939
347051
347071
347099
347167
347173
347201
347443
347561
347563
347629
347707
347981
347993
348031
348053
348221
348239
348241
348287
348367
348401
348407
348421
348559
348763
348811
348851
348911
348991
349079
349207
349399
349423
349483
349507
349831
349841
349913
350039
350111
350219
350423
350561
350699
350731
350789
350881
350983
351011
351047
351079
351269
351293
351343
351391
351643
351667
351859
351887
352007
352073
352327
352381
352421
352483
352493
352757
352837
352949
352991
353011
353069
353317
353329
353359
353657
353711
353777
353929
354017
354031
354047
354121
354209
354257
354271
354317
354439
354463
354551
355093
355139
355171
355193
355261
355339
355379
355441
355507
355571
355717
355967
356023
356243
356261
356737
356989
357139
357241
357263
357389
357779
357997
358103
358109
358223
358229
358279
358483
358571
358591
358637
358793
358829
358859
358861
358879
358951
358999
359003
359017
359041
359111
359171
359477
359539
359561
359587
359719
359761
359869
360781
360949
360989
361033
361337
361363
361421
361531
361541
361637
361799
361901
361961
361979
362093
362099
362137
362147
362339
362363
362633
362801
362851
362911
363043
363067
363161
363217
363431
363563
363659
363731
363841
364027
364073
364141
364321
364333
364411
364417
364459
364687
364879
364883
365129
365147
365231
365293
365411
365473
365587
365797
366077
366193
366259
366683
366703
366787
366841
366851
367027
367139
367163
367201
367219
367547
367573
367699
367711
367781
367957
368099
368243
368293
368647
368729
369013
369137
369143
369191
369409
369709
369751
369833
369851
369913
369979
370021
370091
370261
370399
370423
370801
370871
371071
371143
371509
371573
371669
371941
371951
372313
372377
372461
372667
372677
372709
372769
372871
372971
372973
373019
373073
373193
373301
373357
373553
373621
373721
373909
373999
374029
374039
374041
374093
374111
374123
374321
374333
374389
374531
374729
374977
375029
375251
375253
375509
375559
375673
375707
375983
376133
376307
376471
376531
376657
376757
376801
376811
376823
376841
377071
377123
377147
377171
377287
377297
377329
377347
377681
377749
377779
377831
377843
378229
378277
378569
378667
378883
378967
379133
379207
379433
379441
379699
379777
379931
379997
380059
380071
380201
380417
380447
380623
380641
380651
380777
380839
380843
380867
380869
380881
380929
381061
381103
381233
381319
381401
381443
381533
381541
381569
381629
381761
382189
382493
382553
382649
382871
382933
383023
383077
383081
383153
383221
383297
383527
383533
383611
383627
383753
383797
383821
383909
384061
384079
384107
384113
384403
384437
384479
384533
384577
384673
384841
385081
385417
385519
385537
385573
385589
385771
385859
385967
386047
386219
386233
386279
386303
386329
386371
386431
386437
386543
386921
387137
387199
387203
387623
387749
387973
388009
388181
388231
388277
388477
388483
388931
388933
388963
389023
389149
389297
389369
389461
389479
389483
389569
389743
389749
389797
389957
390119
390223
390289
390413
390419
390433
390449
390463
390479
390721
390893
391159
391387
391403
391847
391903
392059
392177
392221
392251
392281
392333
392351
392423
392467
392543
392569
392723
392807
392809
392831
392851
392893
392963
392983
393079
393083
393301
393649
393721
393727
393797
393847
393919
393947
393961
394019
394049
394211
394507
394729
394897
394963
394981
395107
395261
395533
395741
396091
396323
396379
396733
396937
396983
396997
397223
397697
398033
398053
398207
398353
398369
398423
398441
398509
398683
398771
398833
398989
399059
399151
399181
399283
399439
399739
399941
400217
400409
400417
400429
400441
400657
400853
400859
401087
401519
401587
401651
401689
401707
402029
402253
402277
402331
402541
402613
402697
402757
402847
402863
403037
403057
403181
403261
403757
403831
403877
403889
403957
403969
403993
404021
404051
404189
404429
404431
404449
404489
404837
404843
405049
405199
405299
405323
405343
405529
405607
405641
405667
405817
405991
406397
406423
406633
406661
407083
407177
407179
407203
407377
407747
407843
407861
408011
408077
408127
408197
408271
408389
408637
408701
408763
408913
408923
408959
409069
409121
409259
409289
409327
409463
409471
409543
409693
409729
409897
409993
410009
410203
410317
410341
410353
410453
410587
410783
410903
410999
411119
411233
411311
411337
411529
411737
412219
412289
412387
412591
412667
412717
412771
412807
413033
413053
413071
413087
413207
413251
413629
413869
413887
414179
414361
414367
414503
414521
414641
414643
414697
414809
414857
415069
415517
415673
415691
415697
415721
415799
415823
415937
415969
415979
416011
416167
416393
416401
416497
416621
416623
416629
416659
416887
417227
417251
417283
417293
417437
417479
417559
417583
417643
417719
417997
418051
418219
418303
418837
418909
418927
418987
419047
419191
419281
419483
419791
419801
419953
420029
420047
420149
420193
420317
420341
420439
420467
420551
420571
420683
420737
420809
420853
420899
420919
421033
421093
421207
421273
421303
421433
421559
421691
421711
421807
421913
422069
422183
422557
423133
423209
423257
423281
423389
423427
423481
423541
423587
423601
423751
424117
424157
424273
424331
424397
424493
424537
424597
424729
424861
424867
424889
424913
424961
425057
425329
425387
425783
425879
426073
426233
426287
426383
426563
426583
426637
426691
426737
426763
426889
426931
427039
427067
427103
427151
427451
427523
427541
427591
427781
427913
427969
428149
428401
428471
428489
428539
428557
428563
428569
428777
429139
429211
429563
429581
429589
429881
430009
430193
430393
430981
431077
431173
431237
431267
431297
431311
431441
431831
431863
431867
431881
431891
432031
432059
432067
432203
432227
432301
432569
432577
432587
432631
432931
433049
433099
433187
433241
433253
433337
433351
433571
433651
433747
433817
433889
433963
434011
434081
434087
434141
434243
434311
434461
434813
434923
434947
435247
435343
435583
435649
435949
436081
436097
436273
436649
436717
436727
436729
436741
436757
436831
436841
437011
437153
437159
437539
437543
437641
437653
437687
437753
437819
437849
438017
438133
438169
438211
438533
438671
438721
438733
438941
439009
439133
439171
439511
439519
439567
439583
439849
439949
439961
439991
440101
440303
440389
440431
440579
440641
440683
440731
440831
440983
440989
441127
441191
441251
441449
441787
441811
441839
442009
442157
442177
442319
442499
442501
442531
442699
442979
443057
443221
443227
443249
443419
443437
443603
443867
443879
444001
444029
444461
444469
444677
444713
444893
444929
445169
445589
445619
445631
446111
446141
446179
446399
446401
446417
446839
446881
446911
447001
447011
447217
447451
447463
447467
447481
447541
447569
447683
447793
448057
448067
448373
448607
448687
448697
448793
448907
448939
448993
449093
449161
449171
449173
449333
449543
449677
449879
449963
450113
450301
450431
450557
450649
450707
450797
450799
451279
451303
451519
451547
451579
451601
451667
451771
451799
451967
452033
452201
452329
452519
452857
453073
453199
453329
453367
453371
453667
453683
453907
453949
453991
454031
454253
454501
454507
454679
454721
454763
454847
454967
455233
455333
455471
455489
455531
455557
455737
455761
455941
456047
456223
456293
456403
456427
456439
456553
456641
456647
456821
456877
457049
457307
457403
457621
457651
457661
457669
457711
457829
457871
458063
458069
458123
458449
458593
458621
458719
459113
459167
459341
459343
459421
459593
459607
459647
459791
459923
460013
460147
460231
460403
460543
460571
460619
460709
460891
460919
460949
461323
461521
461819
461843
461887
462067
462073
462239
462361
462377
462643
462673
462713
462901
463031
463093
463157
463291
463313
463339
463387
463873
463889
463891
463993
464011
464047
464129
464141
464351
464413
464447
464647
464699
464747
464953
464963
464993
465011
465019
465067
465161
465187
465259
465379
465419
465433
465529
465587
465643
465721
465931
465947
466019
466079
466247
466373
466717
466777
467471
467543
467611
467963
468067
468253
468289
468371
468509
468557
468647
468683
468817
469009
469241
469321
469561
469613
469687
469801
469939
470081
470089
470149
470161
470213
470303
470411
470461
470551
470627
470711
470783
470831
470881
470903
470957
471161
471571
471697
471853
472019
472057
472127
472139
472193
472369
472391
472399
472457
472561
472721
473147
473197
473617
473839
473899
473929
474119
474151
474499
474667
474779
474847
474911
474959
475037
475159
475327
475331
475429
475483
475597
475759
475831
475877
475889
476041
476633
476849
476989
477329
477551
477557
477811
478069
478169
478213
478259
478339
478421
478453
478843
478853
478879
478897
478927
479023
479153
479317
479357
479441
479513
479543
479623
479813
480023
480043
480157
480203
480329
480911
480979
481001
481109
481153
481363
481417
481589
481693
481753
481963
482071
482101
482347
482399
482659
482687
482719
482789
482837
482863
482947
482957
483289
483551
483929
484207
484229
484339
484369
484417
484621
484703
484853
484927
485207
485383
485519
485587
485671
485729
485827
485831
485923
485941
486023
486103
486313
486329
486391
486511
486679
486697
486713
486821
487021
487211
487307
487561
487733
487811
487933
487979
487997
488143
488161
488209
488459
488573
488633
488743
488893
488897
489179
489299
489439
489449
489677
489679
489691
489733
489743
489791
489887
489913
490001
490031
490103
490111
490267
490453
490537
490541
490697
490957
490969
491059
491083
491273
491297
491653
491773
491819
491899
491951
491969
491983
492067
492377
492397
492551
492757
493049
493111
493249
493403
493481
493621
493643
493729
493811
493853
493939
494023
494257
494497
494617
494651
494677
494687
494783
494849
494899
495043
495301
495413
495491
495637
495797
495893
495973
496127
496187
496283
496459
496481
496549
496669
496763
497111
497117
497501
497597
497633
497671
497719
497851
498053
498361
498367
498391
498401
498409
498907
499033
499039
499117
499129
499189
499349
499711
499903
500029
500083
500153
500233
500299
500483
500501
500713
500741
500861
500881
501019
501029
501209
501229
501287
501503
501659
501863
501947
502093
502171
502321
502451
502499
502961
503053
503369
503441
503453
503803
503821
503911
503983
504017
504047
504349
504461
504677
505031
505049
505159
505187
505279
505559
505607
506113
506459
506551
506837
506911
506963
506983
507119
507139
507151
507329
507371
507421
507461
507713
507757
507803
507821
508171
508327
508513
508583
508637
508799
508817
508909
508951
509101
509287
509359
509477
509513
509573
509699
509737
509833
509879
509947
510067
510247
510331
510569
510989
511001
511151
511237
511387
511409
511487
511997
512011
512503
512531
512537
512597
512663
512717
512747
512849
512899
512929
512977
513109
513283
513427
513631
513691
513769
513923
514429
514433
514621
514639
514873
515227
515351
515587
515783
515803
515857
515887
516053
516077
516157
516199
516293
516319
516391
516469
516623
516701
516713
516757
516877
516883
517211
517399
518047
518083
518101
518249
518311
518509
518521
518597
518867
519229
519413
519499
519521
519553
519713
519733
519769
519803
519931
520019
520111
520193
520213
520349
520357
520369
520427
520721
520963
520969
520981
521023
521051
521267
521281
521363
521429
521567
521789
522229
522281
522289
522413
522449
522497
522523
522623
523031
523387
523459
523927
524047
524053
524063
524087
524113
524119
524189
524231
524243
524497
524519
524521
524681
524701
524707
524731
524743
525001
525431
525457
525493
525599
525649
525781
525871
525947
526049
526121
526459
526627
526657
526837
526859
526909
526963
526993
527129
527273
527381
527393
527411
527671
527749
527789
527993
528001
528013
528197
528509
528691
528707
528719
528763
528779
528823
528877
528881
528929
529121
529153
529157
529531
529579
529603
529649
529691
529741
529933
529979
530041
530051
530297
530401
530507
530531
530603
530693
530833
530851
530989
531071
531173
531203
531331
531359
531551
531569
531689
531701
531911
531977
532061
532153
532193
532391
532523
532823
532907
533033
533149
533189
533353
533719
533831
533893
533963
534043
534167
534199
534283
534301
534371
534407
534439
534647
534799
534923
534931
534943
535037
535399
535607
535627
535637
535669
535709
535727
535861
535879
535919
535967
536087
536149
536213
536233
536273
536323
536443
536531
536533
536677
536687
536717
536777
536869
536891
537067
537373
537403
537569
537599
537899
537991
538093
538117
538159
538163
538259
538283
538367
538511
538579
538597
538751
538771
538943
539093
539107
539129
539159
539207
539233
539309
539321
539323
539639
539653
539663
539921
540041
540061
540121
540301
540343
540349
540389
540599
541049
541361
541577
541613
541799
541991
542027
542123
542237
542261
542293
542441
542447
542497
542533
542557
542761
542771
542831
542923
542987
543019
543139
543241
543259
543287
543289
543307
543509
543637
543671
543713
543773
543887
543901
543967
544097
544183
544699
544963
545033
545189
545473
545617
545647
545827
546149
546151
546263
546283
546323
546341
546361
546391
546461
546569
546617
547363
547453
547471
547493
547619
547831
547951
548123
548221
548347
548783
548903
549019
549071
549203
549379
549421
549683
550007
550027
550049
550111
550163
550471
550489
550609
550811
550951
550973
550993
551059
551099
551543
551693
551717
551753
552059
552469
552481
552553
552589
552649
552751
552821
552841
552887
552917
553417
553457
553463
553561
553643
553687
553733
553873
553919
554447
554531
554669
554779
554797
554821
555253
555293
555439
555461
555827
556177
556351
556679
556763
556859
557027
557261
557273
557303
557519
557591
557729
557747
557831
558251
558289
558319
558401
558421
558587
558599
558661
558721
558869
558881
558893
559133
559211
559343
559397
559459
559597
559781
559913
560047
560113
560233
560237
560243
560311
560459
560489
560501
560621
560689
560737
560767
560887
560929
560941
560977
561103
561191
561713
561767
561961
562103
562273
562477
562633
562753
562841
562973
562987
563021
563413
563561
563663
563743
563869
564089
564301
564307
564779
564917
564973
564997
565189
565247
565429
565441
565553
565919
566107
566149
566227
566437
566549
566617
566833
566939
566977
567101
567143
567277
567383
567649
567653
567661
567937
567991
568109
568171
568439
568453
568493
568609
568691
569213
569893
569957
570013
570049
570077
570079
570091
570131
570329
570379
570461
570497
570601
570643
570733
570859
570881
570901
570959
571069
571369
571381
571531
571777
571841
571873
571939
572059
572087
572093
572207
572519
572573
572683
572813
572867
572879
572881
572963
573007
573047
573143
573247
573383
573791
573887
573901
574003
574307
574309
574423
574643
574687
574703
574969
575027
575063
575219
575251
575429
575431
575479
575611
575647
575689
575867
575923
576089
576217
576473
576581
576671
576701
576731
576791
576967
577009
577063
577069
577153
577169
577333
577351
577471
577537
577849
577937
577979
577981
578131
578299
578311
578317
578503
578509
578537
578609
578659
578701
578719
578777
578923
579053
579083
579107
579407
579473
579629
579637
579973
580093
580183
580339
580357
580381
581149
581261
581429
581447
581521
581573
581639
581767
581821
581873
581941
582013
582083
582119
582173
582209
582433
582509
582541
582551
582643
582763
583031
583087
583153
583351
583481
583511
583543
583697
583969
584099
584167
584183
584279
584767
584789
584863
585031
585131
585251
585271
585283
585643
585691
585857
586147
586213
586349
586499
586541
586543
586723
586973
587123
587143
587519
587533
587603
587813
587897
587969
588229
588347
588493
588649
588947
589021
589291
589297
589609
589643
589681
589921
590099
590207
590263
590267
590269
590323
590327
590363
590377
590659
590741
590987
591067
591079
591287
591863
592237
592289
592337
592517
592597
592793
592843
592903
592931
593297
593407
593447
593497
593519
593539
593573
593651
593839
593987
594151
594241
594281
594397
594523
594551
594563
594569
594617
594667
594823
594827
594857
594899
595069
595141
595159
595481
595513
595967
596047
596117
596159
596209
596423
596663
596671
596741
596803
596831
596861
596863
597383
597391
597437
597859
597923
598219
598421
598447
598669
598711
598789
598981
599003
599009
599087
599191
599383
599413
599783
599803
599939
599941
600053
600307
600407
600421
600449
600469
600529
600841
600961
601039
601259
601319
601333
601771
601813
601849
601961
602141
602153
602201
602257
602297
602501
602621
602627
602867
602947
602999
603011
603319
603521
603523
603553
603563
603847
604171
604237
604343
604517
604547
604781
604787
604837
604883
605021
605069
605221
605257
605347
605443
605609
605861
605893
606059
606079
606299
606301
606311
606323
606379
606449
606527
606581
606757
606959
607049
607471
607531
607549
607627
607697
607727
608033
608117
608161
608303
608669
608897
608999
609043
609199
609233
609253
609541
609613
609997
610031
610193
610439
610447
610619
610801
611069
611147
611207
611279
611297
611389
611393
611419
611603
611707
612061
612107
612181
612497
613049
613229
613243
613463
613523
613849
613903
614041
614267
614291
614297
614413
614417
614483
614503
614639
614701
614849
614927
615269
615289
615437
615497
615677
615679
615721
615793
615907
615971
616171
616327
616393
616579
616597
616643
616757
616769
616793
616877
616991
617039
617131
617147
617237
617257
617471
617657
617681
617731
617759
617843
617971
618311
618559
618577
618799
618833
618991
618997
619027
619057
619139
619313
619573
619693
619739
619753
619807
619811
619819
619909
619967
620117
620233
620393
620401
620507
620567
620569
620623
620777
620933
621007
621059
621301
621343
621347
621419
621473
621583
621641
621893
622049
622051
622129
622157
622249
622313
622333
622513
622577
622621
622709
622729
623017
623041
623107
623321
623351
623353
623591
623671
623893
623977
624031
624037
624049
624487
624593
624797
624917
625237
625543
625589
625763
625831
625871
625909
626191
626239
626389
626477
626489
626783
626809
627119
627191
627271
627433
627449
627559
627841
628093
628189
628427
628477
628547
628591
628687
628699
628709
628721
628783
628877
628997
629009
629059
629081
629171
629449
629593
629861
630017
630023
630067
630529
630587
630823
630863
630941
631133
631171
631223
631271
631597
631619
631711
631937
631979
632089
632147
632329
632557
632627
632647
632669
632677
632747
633133
633401
633407
633427
633461
633487
633569
633623
633757
633803
634031
634061
634141
634327
634471
634531
634727
634747
634853
635389
635423
635461
635533
635567
635639
635707
635891
635959
636211
636287
636403
636407
636547
636563
637067
637097
637139
637163
637271
637309
637379
637471
637603
637729
638201
638359
638453
638629
638719
638767
638893
638933
638959
639151
639371
639517
639547
639599
639697
639713
639937
640009
640139
640163
640219
640259
640579
640847
640859
641203
641239
641747
641789
641959
642013
642149
642419
642581
642853
642869
643081
643619
643661
643691
643927
643961
644053
644153
644239
644401
644549
644783
644837
644843
645137
645367
645581
645727
645737
645833
646027
646271
646307
646519
646537
646577
646781
646843
646897
647057
647099
647113
647161
647341
647359
647531
647551
647663
647741
647783
647837
648061
648173
648289
648391
648433
648449
648481
648563
648617
648931
648961
648997
649123
649421
649457
649483
649501
649529
649709
649921
650537
650581
650623
650761
650779
650861
650863
650927
651043
651251
651323
651689
651731
651769
651839
651853
651997
652033
652079
652121
652373
652591
652733
652913
653111
653267
653431
653507
653617
653777
653977
654053
654169
654223
654301
654509
654593
654611
654679
654697
654739
654931
655021
655043
655243
655289
655373
655439
655541
655547
655579
655757
655859
656171
656273
656333
656347
656471
656597
656951
656989
656993
657079
657187
657281
657299
657403
657439
657497
657499
657539
657557
657827
658117
658187
658199
658261
658549
658601
658751
659011
659059
659101
659251
659501
659513
659521
659621
659653
659689
659941
660097
660131
660241
660277
660329
660493
660589
660727
660791
660917
661183
661417
661621
661883
662083
662339
662513
662833
662941
663001
663049
663283
663371
663517
663541
663713
663983
663997
664151
664199
664243
664319
664507
664511
664549
664583
664589
664621
664679
664847
665153
665299
665359
665381
665479
665803
666031
666143
666427
666467
666559
666637
666683
666821
666829
667103
667379
667417
667427
667477
667699
667727
667801
667817
668047
668243
668527
668851
669127
669763
669853
669859
670037
670297
670343
670399
670613
670727
671059
671063
671417
671729
671743
671779
671851
671917
671941
671947
672289
672293
672323
672379
672653
672781
672799
673199
673327
673349
673391
673427
673513
673567
673619
673787
673961
674059
674227
674231
674371
674501
674563
674669
674767
674827
674833
674903
675079
675197
675341
675419
675827
675839
675881
676111
676339
676409
676589
676679
676909
676967
677323
677461
677533
677737
677891
678101
678169
678191
678199
678289
678367
678409
678499
678607
678719
678959
679123
679249
679277
679319
679333
679417
679433
679597
679607
679691
679709
679751
680027
680081
680177
680189
680203
680293
680321
680531
680993
681113
681229
681337
681341
681521
681719
681781
682009
682289
682291
682303
682439
682489
682699
682811
683143
683149
683653
683719
683731
683783
683933
684119
684157
684221
684311
684433
684469
684683
684713
684731
684751
684767
684791
684889
685019
685081
685247
685361
685367
685381
685459
685493
685541
685631
685717
685781
685907
686051
686359
686437
686593
686977
687031
687139
687289
687721
687839
687847
688249
688309
688339
688397
688511
688697
689131
689167
689321
689509
689599
689629
689723
689761
689803
689929
690187
690367
690407
690719
690889
690929
691051
691183
691333
691451
691463
691573
691583
691709
691763
691813
691907
691919
691921
692099
692117
692191
692221
692287
692327
692413
692441
692453
692539
692543
692893
693257
693421
693701
693943
693967
694313
694319
694327
694481
694549
694567
694571
694633
694829
695047
695059
695467
695573
695689
695743
695999
696061
696107
696109
696119
696263
696313
696373
696569
696607
696793
696823
697033
697049
697133
697157
697409
697601
697703
697733
697891
697937
697999
698051
698171
698273
698359
698483
698641
698669
698891
699793
699863
700001
700201
700393
700471
700499
700627
700633
700717
700897
700963
701221
701329
701341
701653
701957
701963
702017
702067
702313
702347
702407
702469
702497
702529
702623
702671
703013
703223
703249
703309
703459
703471
703537
703673
703679
703709
703763
703861
704009
704131
704219
704269
704281
704551
704761
704801
704819
704863
704983
705011
705119
705161
705163
705167
705169
705403
705461
705521
705769
705781
705827
705833
706049
706141
706159
706201
706253
706357
706403
706523
706547
706561
706679
706837
706847
706961
706999
707117
707177
707219
707431
707467
707543
707647
707813
707831
707929
708041
708287
708473
708479
708559
708689
708859
708899
708907
708923
708943
709123
709157
709237
709271
709381
709453
709507
709649
709769
709831
709853
710207
710221
710449
710527
710573
710603
710621
710837
710887
710917
710959
710989
711143
711209
711259
711523
711589
711847
711899
711983
712109
712157
712171
712219
712237
712301
712357
712477
712489
712561
712573
712631
712837
712843
713039
713177
713351
713407
713467
713569
713653
713737
714139
714169
714341
714361
714487
714509
714619
714881
714893
715069
715159
715193
715229
715303
715397
715417
715489
715571
715577
715657
715843
715991
716033
716117
716171
716257
716351
716453
716693
716743
716857
716869
716959
717491
717667
717887
718043
718391
718427
718493
718513
719041
719057
719063
719071
719239
719281
719503
719573
719633
719639
719717
719749
719813
719839
719981
719989
720089
720179
720211
720703
720763
720773
720961
721109
721163
721169
721319
721379
721597
721697
721859
721921
721991
722273
722369
722539
723101
723353
723823
723839
723851
723901
723949
724007
724469
724547
724601
724621
724733
724783
724837
724847
724853
725071
725113
725119
725209
725321
725449
725531
725737
725891
725983
726157
726307
726371
726391
726431
726701
727249
727427
727577
727633
728129
728207
728267
728281
728317
728333
728639
728659
728699
728809
728869
729019
729173
729473
729557
729649
729689
729787
729913
730187
730297
730339
730589
730799
730811
730867
731189
731287
731369
731531
731587
731603
732077
732097
732373
732439
732689
733123
733147
733301
733477
733619
733871
733939
734017
734131
734207
734401
734771
734879
734887
734933
735157
735187
735193
735337
735359
735649
735653
735809
735829
735997
736027
736247
736277
736367
736511
736639
736787
736793
737129
737327
737567
737641
737747
737797
737861
737921
737927
738043
738211
738223
738373
738677
738851
738923
738937
739199
739579
739621
739751
739951
740087
740099
740303
740329
740561
740653
740671
740713
741007
741061
741079
741119
741541
741563
741593
741677
741683
741913
742031
742369
742531
742537
742579
742711
742789
742993
743027
743131
743251
743507
743579
743747
743921
744607
744727
744833
744859
744911
745001
745201
745247
745391
745741
745753
745837
745993
746017
746171
746503
746749
746777
747037
747049
747377
747493
747563
747587
747679
747743
747781
748021
748133
748249
748273
748379
748691
748801
748807
748877
748883
749051
749183
749443
749453
749467
749677
749779
749807
749863
749899
749923
749939
750137
750161
750713
750749
750797
751027
751259
751327
751363
751643
751787
752107
752413
752771
752819
752903
753617
753631
753647
753659
753859
753937
753959
753983
754043
754073
754153
754223
754279
754297
754463
754651
754903
755317
755473
755617
755681
755759
755899
756011
756097
756199
756319
756323
756421
756541
756607
756629
756829
756853
757157
757241
757343
757403
757429
757879
758053
758101
758137
758179
758393
758671
758741
758893
759001
759149
759287
759463
759637
759653
759911
760043
760117
760477
760637
760723
760729
760901
760913
761051
761297
761351
761471
761483
761543
761833
761879
761977
762037
762379
762499
762659
762761
762899
763123
763159
763307
763391
763447
763559
763573
763901
763957
764011
764041
764251
764399
764431
764623
764629
764657
764971
765031
765293
765307
765313
765577
765893
765913
765931
766091
766109
766231
766393
766687
766763
766867
766937
767147
767357
767443
767831
767857
768041
768073
768127
768329
768457
768623
768727
768881
768941
769081
769207
769247
769297
769579
769627
769687
769789
769807
770047
770129
770179
770551
770557
770573
770579
770837
770993
771079
771217
771269
771289
771299
771437
771629
771653
771703
771941
772001
772139
772169
772229
772297
772367
772657
772691
773497
773569
773803
773951
774083
774289
774551
774583
774773
774791
774959
775097
775241
775669
775777
775937
776047
776221
776287
777041
777097
777187
777191
777479
777643
777877
777911
778201
778237
778247
778301
778313
778397
778403
778693
778717
778847
778873
778933
778979
779021
779101
779111
779239
779507
779573
779599
779659
779663
779747
779797
780163
780223
780347
780523
780817
780833
780961
780971
781087
781163
781409
781433
781513
781523
781799
781889
781951
782071
782251
782641
782671
782783
782839
782981
783023
783137
783151
783191
783193
783413
783571
783701
783719
784039
784183
784387
784541
784573
784859
784939
784981
785093
785203
785269
785287
785347
785413
785461
785527
785569
785573
785627
785773
786031
786053
786179
786311
786337
786419
786889
786941
787289
787429
787433
787513
787537
787711
787793
788033
788129
788189
788309
788317
788357
788383
788621
788819
788891
788903
788947
789067
789091
789101
789557
789653
789721
789731
789847
789857
790043
790099
790199
790331
790369
790397
790613
790633
790897
790997
791009
791257
791261
791431
791443
791569
791657
791899
791929
792223
792359
792559
792581
792643
792647
792697
792929
793187
793207
793279
793621
793673
793691
793717
793999
794039
794041
794153
794363
794551
794831
794921
795007
795299
795307
795589
795793
796247
796267
796307
796379
796451
796487
796531
796633
796813
796849
797009
797033
797057
797273
797497
797569
797957
798131
798197
798221
798521
798713
798773
798823
798911
799003
799091
799219
799223
799259
799333
799343
799609
800171
800209
800237
800333
800407
800473
800539
800687
800693
800759
801019
801079
801217
801247
801469
801557
802189
802387
802453
802709
802829
802831
803053
803057
803141
803417
803443
803461
803549
803629
803651
803977
804127
804281
804317
804473
804497
804511
804521
804653
804697
804709
804761
804989
805061
805153
805327
805381
805397
805403
805421
805451
805559
805811
805843
805873
805933
806023
806087
806153
806203
806269
806639
806719
807017
807151
807197
807493
807637
807733
807809
808019
808351
808361
808733
808777
808937
809063
809297
809447
809563
809779
809797
809801
809843
809981
810053
810151
810239
810259
810319
810361
810377
810659
810737
810763
810913
810941
810989
811067
811289
811493
811583
811627
811667
811697
811777
811819
811981
812213
812353
812491
812731
812761
813269
813343
813383
813427
813697
813817
813893
813907
814013
814183
814237
814537
814771
815053
815273
815389
815401
815539
815713
816443
816649
816743
816821
816929
817013
817073
817163
817321
817567
817721
817723
817787
817897
818011
818341
818453
818509
818659
818837
818947
818963
818969
819001
819319
819367
819503
819563
819629
819827
820051
820117
820319
820537
820649
820747
820763
820927
821003
821209
821291
821329
821333
821489
821747
821809
821833
821911
821939
822037
822691
822853
822893
823201
823241
823261
823457
823601
823703
823723
823799
823831
823981
824029
824123
824419
824443
824477
824779
824933
824951
825283
825347
825443
825467
825593
825739
825749
825829
826019
826061
826153
826333
826339
826571
826663
826723
826799
826807
826811
827213
827231
827473
827599
827677
827699
827843
827989
828119
828131
828383
828431
828449
828637
828859
828881
829057
829069
829223
829319
829349
829463
829469
829511
829561
829721
829727
829847
829883
830017
830111
830447
830551
830579
830591
830743
831109
831139
831707
831757
831881
832109
832121
832129
832151
832211
832253
832309
832367
832457
832477
832487
832721
832933
832987
833201
833429
833467
833563
833617
833713
833783
833801
833977
834007
834013
834221
834283
834487
834599
834797
834809
834913
834959
834961
834991
835099
835451
835819
836239
836471
836477
836611
836623
837071
837257
837313
837367
837509
837583
837611
837929
838063
838349
838609
838913
838939
839087
839369
839413
839429
839491
839617
839693
839731
839897
839899
839903
840331
840479
840601
840757
840767
840817
840839
840941
841081
841189
841193
841277
841289
841447
841691
841751
842063
842081
842279
842323
842339
842423
842477
842483
842507
842531
842623
842729
842813
842857
842887
842923
843127
843137
843289
843361
843443
843589
843607
844001
844127
844289
844369
844601
844639
845017
845167
845179
845197
845441
845723
845753
845833
845881
846067
846187
846359
846389
846437
846589
846647
846749
846983
847043
847051
847219
847247
847477
847607
847663
847813
847871
847967
848051
848227
848251
848417
848633
848651
848699
848713
848797
849127
849161
849271
849391
849943
849967
850207
850271
850351
850397
850679
851017
851117
851273
851363
851419
851569
851633
851671
851689
852121
852139
852179
852367
852463
852563
852673
852793
852871
853187
853289
853291
853429
853687
853799
854089
854351
854363
854431
854771
854849
854957
854963
855119
855317
855721
855857
855997
856057
856369
856441
856627
856759
856841
857267
857287
857459
857669
857839
858043
858251
858433
858479
858497
858623
858701
858769
858877
858961
859003
859361
859381
859619
859667
859823
860051
860113
860479
860579
860647
860917
860939
861053
861391
861559
861761
861797
861803
861877
861881
861899
861929
862033
862249
862343
862369
862399
862471
862493
862559
862649
862811
862991
863017
863197
863231
863323
863491
863833
863851
864007
864131
864137
864151
864407
864583
864613
864629
864803
865061
865247
865339
865511
865829
865933
866101
866123
866231
866417
866461
866471
866641
866963
867143
867257
867337
867371
867397
867617
867677
867773
867829
868081
868103
868157
868211
868397
868487
869017
869251
869467
869551
869563
869887
870031
870059
870083
870131
870137
870329
870367
870407
870853
870953
870983
871177
871649
871817
871901
871993
872173
872189
872203
872243
872251
872419
872479
872561
872609
872621
872623
872671
872791
872923
872947
873043
873049
873083
873319
873407
873421
873553
873571
873641
873643
873863
873959
873989
874063
874103
874127
874303
874487
874873
875213
875299
875543
875683
875731
875929
876067
876191
876199
876257
876479
876497
876569
876611
876851
876871
876947
876971
877181
877213
877301
877367
877397
877609
877739
877837
877883
877907
878089
878183
878197
878443
878783
878833
878851
878957
879007
879133
879299
879721
879821
879917
879953
880001
880021
880349
880519
880543
880589
880709
881249
881273
881369
881473
881527
881707
881983
882029
882139
882517
882751
882779
882907
883049
883193
883391
883627
884159
884483
884921
884951
885161
885169
885301
885403
885421
885427
885497
885623
885967
885971
885977
886031
886177
886189
886243
886247
886283
886429
886463
886471
886519
886909
887093
887153
887171
887261
887479
887543
887707
887867
887923
887987
888011
888091
888133
888211
888257
888359
888409
888451
888653
888773
888827
888967
888989
889051
889247
889697
889879
890107
890287
890317
890531
890803
891001
891061
891091
891161
891251
891287
891377
891593
891659
891743
891817
891851
891899
891983
892291
892387
892439
892603
892667
892709
892757
892763
892877
893059
893131
893317
893339
893509
893549
894109
894191
894343
894409
894527
895157
895247
895333
895627
895691
895709
895903
896009
896281
896347
896369
896443
896509
896647
896717
896837
897461
897469
897563
897581
897709
897779
897847
898013
898019
898369
898493
898543
898727
899009
899057
899123
899153
899291
899791
899917
900217
900241
900491
900587
900671
900719
900821
901427
901517
901907
901937
902047
902053
902119
902263
902357
902483
902599
902827
902981
903037
903211
903323
903367
903389
903449
903493
903547
903641
903751
903757
904069
904283
904357
904661
904693
904759
904867
904901
904997
905011
905647
905687
905693
906013
906197
906289
906313
906371
906377
906557
906691
906713
906779
906839
907217
907393
907457
907549
907561
907757
907843
907969
908057
908129
908417
908419
908441
908513
908521
908533
908539
908581
908731
908863
908993
909113
909203
909239
909457
909481
909577
909679
909737
909773
909787
909829
910051
910127
910213
910307
910369
910643
910807
910853
910957
911039
911227
911311
911327
911413
911453
911621
911723
911819
912413
912463
912469
912523
912533
912763
913279
913327
913337
913421
913447
913799
913853
914189
914213
914359
914609
914629
914701
914783
914819
914971
915029
915251
915479
915623
915727
915881
916099
916183
916261
916319
916441
916511
916733
917117
917173
917209
917461
917611
917633
917803
918161
918259
918431
918443
918539
918647
918751
918763
918889
918971
919033
919111
919189
919301
919393
919691
919903
919939
920107
920167
920197
920743
920849
920869
920921
920947
921581
921643
921787
921959
922027
922057
922099
922511
922561
922613
922717
922729
922853
922973
923141
923249
923441
923471
923509
923513
923543
923719
923743
923833
923851
923983
924023
924101
924109
924241
924337
924421
924499
924551
924617
924697
924811
924877
924997
925063
925097
925121
925147
925193
925217
925339
925399
925523
925559
925669
925721
926017
926099
926129
926351
926423
926507
926701
926879
927007
927229
927313
927569
927821
928097
928099
928141
928153
928661
928771
929057
929171
929261
929293
929303
929333
929561
929623
929629
929717
930211
930337
930389
930469
930547
930619
930863
930889
930973
930989
930991
931213
931267
931571
931811
931883
932117
932131
932227
932353
932579
932887
932917
932951
932999
933313
933553
933613
933707
933797
933839
933967
934117
934243
934319
934343
934487
934981
935147
935257
935353
935393
935413
935461
935507
935687
935689
935827
935903
936029
936097
936151
936161
936197
936413
936587
936659
936919
936967
937003
937121
937459
937633
937709
937777
937841
938053
938071
938183
938207
938243
938369
938453
938537
938659
938747
938857
938879
938921
939019
939317
939649
939713
939737
939749
939767
939773
939853
939931
940031
940087
940169
940223
940249
940477
940529
940543
940573
941011
941123
941351
941383
941407
941429
941599
941609
941641
941771
941861
942101
942113
942163
942317
942653
942661
942901
943079
943213
943219
943321
943367
943421
943477
943499
943741
943763
943903
944137
944143
944239
944429
944551
944563
944591
944953
944963
945059
945103
945151
945227
945359
945521
945577
945589
945787
945949
946021
946273
946369
946411
946453
946607
946669
946697
946783
946859
946987
947129
947137
947203
947621
947647
947743
947851
947911
948007
948089
948133
948187
948263
948281
948317
948349
948407
948443
948469
948749
948797
948839
948907
949147
949243
949423
949439
949607
949649
949651
949771
949849
949889
949939
949973
950333
950363
950459
951001
951019
951047
951091
951491
951553
951637
951911
951941
952199
952349
952363
952559
952619
952811
952823
952883
953053
953399
953437
953473
953593
953639
953651
954011
954139
954209
954263
954433
954497
954847
955061
955093
955379
955439
955481
955727
955841
955939
956503
956513
957091
957181
957221
957409
957851
957937
958049
958057
958481
958499
958519
958523
958541
958679
958729
958819
959009
959467
959597
959869
959927
959953
960049
960521
960527
960601
960677
960983
960989
961099
961313
961339
961397
961531
961601
961703
961729
961757
961811
961841
961993
962033
962161
962197
962363
962459
962627
962669
962783
962789
962791
962867
962971
963019
963301
963343
963379
963427
963691
963763
963799
963901
963943
964213
964571
964583
964927
965131
965227
965483
965611
965647
965659
965711
965749
965893
965983
966157
966227
966307
966319
966337
966499
966907
966961
966997
967297
967427
967451
967753
967877
968213
968263
968321
968329
968459
968567
968593
968819
968959
969041
969083
969271
969671
969763
969877
970133
970441
970583
970861
970969
970987
971093
971149
971389
971419
971441
971683
971699
971753
971899
971903
971977
971981
972047
972071
972229
972263
972277
972353
972373
972409
972581
972599
973033
973067
973169
973781
973901
974063
974557
974581
974837
974849
974867
974879
975017
975083
975277
975433
975463
975869
976039
976093
976501
976571
976639
976721
976933
977183
977411
977539
977723
977819
978157
978217
978413
978463
978611
978643
978797
979333
979337
979691
979987
980179
980321
980327
980423
980449
980579
980677
980851
980909
981133
981187
981199
981241
981263
981443
981697
981769
982087
982147
982151
982171
982211
982321
982381
982573
982621
982633
982693
982841
982939
983149
983617
983659
983777
984253
984299
984367
984491
984539
985013
985057
985291
985379
985639
985969
986047
986507
986693
986779
986849
986857
987053
987211
987299
987383
987457
987541
987659
987793
987821
987913
988069
988439
988459
988571
988583
989029
989081
989173
989279
989293
989321
989687
989719
989827
989971
990023
990037
990043
990137
990169
990181
990331
990361
990389
990593
990637
990799
991069
991091
991229
991531
991603
991607
991619
991633
991723
991777
991973
991999
992051
992393
992429
992437
992441
992561
992819
993121
993247
993269
993287
993431
993481
993493
993793
993821
993823
993907
993913
993943
994193
994229
994309
994391
994549
994663
994927
994991
994997
995341
995347
995531
995539
995587
995663
995713
995737
995887
996001
996119
996803
996883
996973
997037
997099
997319
997439
997453
997511
997597
997609
997693
997739
997793
997877
997949
997973
998017
998027
998243
998443
998689
998743
998759
998839
999233
999491
999521
999623
999853
