2903909
979485557
5726577293
236733083
14644109
10976273587
180272249
88061154611
61142357053
4526507
34668467
1203493
54053401
373598861
7722373
401379607
682690237
505543813
61523191
350679947
9859783
8376799
1417255729
64105213
950603237
17390516207
940705121
6478220417
47273259017
45880691
8488096823
9604956197
190213019
58910053
2298833
23339513
31233647693
4717289
3134052433
9261383423
4006747627
74036604989
8118139
7658489303
4804520711
7523573
81804661
63433794161
439492799
9364463
6485989183
9159649
427780399
824897237
3171583
31686761
2186011
10438541
3356263
7466191913
8396497
2865684061
36814823
8999267593
3295283653
5601613
3566715847
13264600919
72682607377
83862151
2453449
9108893917
738474911
7395861401
1749168647
9817121
7197919591
5125273
521795291
89627704027
3294299
58168042399
205145093
17822942471
4208261
17835753773
768727451
4854255073
247697717
9518497273
9695341
11717949769
4213567
6688909
17788723991
54629461
32747959
72425520719
4499207
8613433831
