985470018839
936892935943
135686911901347
956063941278557
599707293181
537219378547
340128087584809
943444924204427
225794320802279
2185708360091
122403666124169
42381410583307
935160472339
835957446449
75459381561253
669924420131
253702943550829
362344598041
172941414787
30171607747933
1242065526511
98207679710137
3071401935311
321460560479
446713112376191
907934411094091
315533286163097
6752147037347
29778738068549
157995154381
5129414127049
318448776383
43722145292117
515645455033
863122064593031
76440588087683
3997716814873
1398722081707
93811581621899
217981510099
111378575979217
277665509119
531570674946071
3173990036303
375897506582173
73135362700553
4285058514691
858590500109987
805770948929
7984554650771
4634417012311
440571033953
678736750993253
695311865777
6236071199779
30399194342371
4005382332997
3891360315097
7269864290233
7233443970947
69124898391893
548858310073
197639056314247
159768421861
657975232091
139483046383
155099667243289
643104280957
8686763942833
1275456285157
5097158242069
408687780422543
856364538222839
61265495153531
796609214958559
52529575713283
1731597575713
6961040212001
709817396219
385676484813899
138471022297
306051679009333
939078464497
32540052864967
866812475341
3805595173027
322685406907
7741049007037
62584380873823
2810963767363
3070067373001
9947777115967
509466700133057
94985359131041
52508463827969
4399219523401
6711670305841
499912292207
88278051825043
849739637784767
